1000012 
100197 193931 447250 688361
100701 1107041
100935 1120643 1134865
100961 60169
101143 101145 596075
101145 
101261 101263
101263 1112099 1139928 28456
101660 1107095
101662 1107095
10169 1107067 1123867 114189 158614 17798 20850 211875 259126 3231 39126 39131 49660 552469 6334 63477 63486 636098 711598 85452
10174 10186
10177 10169 1112574 12197 12198 12210 124734 15429 164 249858 27606 4804 67415 68495 68505 9515
101811 101662 1153064 151430 6935
10183 10186 10430 1108267 1110947 1114336 1120713 259772 47570 54550 6378
10186 86840
102061 509315
1022969 
102406 
1026 1034 1102550 1105231 1129798 1153945
102879 9513
102884 9513
102938 143676
102939 102938 143676
1031453 
1033 1034 1107062
1034 1153945
103430 1154074 75318
103482 1114388 1119140 1128990 27510 27514
1035 1034 1107062 1110515
103515 1113742 1127913 1128314 1129778 1153853 246618 459214 54131 575402
103528 103529 1107171
103529 1107171
103531 1107171 656048
103537 126912
103543 126912 126927
10430 1120713 3095
10435 1103394 112378 208345 22566 41417 8703
104840 
105057 
1050679 
10531 1102850 1107567 1129442 1130634 194617 31336 31349 31353 36620 43698 686532
105856 193931 273949 289085
105865 193931 193932
105899 1111304
1059953 
1061127 
1063773 
106590 1095507 1129994
107177 1119751
1071981 
107251 107252 389715
107252 
107569 1107385 1120777
10793 
10796 1110947 1113934 1135358 1153148 180373 20942 30895 31097 417017 46536 601567 6217 8699 93320
10798 10183 10796 1154500 18619 20193 212777 252715 434 601561 8703 97892
108047 1107418 1128319 1153853 1153899 28336 578645 578646 578649 578898
108962 108963 1095507 159897 310653
108963 108962 1095507
108974 108962 108963 1125469 1133417 66794
108983 108962 159897 310653 683404
109323 137849
1095507 
10981 1102873 23507
110041 1152358 287787
110162 110163 110164
110163 110162 110164
110164 
1102364 
1102400 
1102407 
1102442 
1102548 
1102550 
1102567 
1102625 
1102646 
1102751 
1102761 
1102794 
1102850 
1102873 
1103016 
1103031 
1103038 
1103162 
1103315 
1103383 
1103394 
1103499 
1103610 
1103676 
1103737 
1103960 
1103969 
1103979 
1103985 
1104007 
1104031 
1104055 
1104182 
1104191 
1104258 
1104261 
1104300 
1104379 
1104435 
1104449 
1104495 
1104647 
1104749 
1104769 
1104787 
1104809 
1104851 
1104946 
1104999 
1105011 
1105033 
1105062 
1105116 
1105148 
1105221 
1105231 
1105344 
1105360 
1105394 
1105428 
1105433 
1105450 
1105505 
1105530 
1105531 
1105574 
1105603 
1105622 
1105672 
1105698 
1105718 
1105764 
1105810 
1105877 
1105887 
1105932 
1106052 
1106103 
1106112 
1106172 
1106236 
1106287 
1106298 
1106330 
1106370 
1106388 
1106401 
1106406 
1106418 
1106492 
1106546 
1106547 
1106568 
1106630 
1106671 
1106764 
1106771 
1106789 
1106849 
1106854 
1106966 
1107010 
1107041 
1107062 
1107067 
1107095 
1107136 
1107140 
1107171 
1107215 
1107312 
1107319 
1107325 
1107355 
1107367 
1107385 
1107418 
1107455 
1107558 
1107567 
1107572 
1107674 
1107728 
1107808 
1107861 
1108050 
1108167 
1108169 
1108175 
1108209 
1108258 
1108267 
1108329 
1108363 
1108389 
1108551 
1108570 
1108597 
1108656 
1108728 
1108834 
1108841 
1109017 
1109185 
1109199 
1109208 
11093 39199
1109392 
1109439 
1109542 
1109566 
1109581 
1109830 
1109873 
1109891 
1109957 
1110000 
1110024 
1110028 
1110209 
1110256 
1110390 
1110426 
1110438 
1110494 
1110515 
1110520 
1110531 
1110546 
1110563 
1110579 
1110628 
1110768 
1110947 
1110950 
1110998 
1111052 
1111186 
1111230 
1111240 
1111265 
1111304 
1111614 
1111733 
1111788 
1111899 
1111978 
1112026 
1112071 
1112075 
1112099 
1112106 
1112194 
1112319 
1112369 
1112417 
1112426 
1112574 
1112650 
1112665 
1112686 
1112723 
1112767 
1112911 
1112929 
1113035 
1113084 
1113182 
1113438 
1113459 
1113534 
1113541 
1113551 
1113614 
1113739 
1113742 
1113828 
1113831 
1113852 
1113926 
1113934 
1113995 
1114118 
1114125 
1114153 
1114184 
1114192 
1114222 
1114239 
1114331 
1114336 
1114352 
1114364 
1114388 
1114398 
1114442 
1114502 
1114512 
1114526 
1114605 
1114629 
1114664 
1114777 
11148 1129835 1131719 193354 25413
1114838 
1114864 
1114992 
1115166 
1115291 
1115375 
1115456 
1115471 
1115670 
1115677 
1115701 
1115790 
1115886 
1115959 
1116044 
1116146 
1116181 
1116268 
1116328 
1116336 
1116347 
1116397 
1116410 
1116530 
1116569 
1116594 
1116629 
111676 89308
1116835 
1116839 
1116842 
1116922 
1116974 
1117049 
1117089 
1117184 
1117219 
1117249 
1117348 
1117476 
1117501 
1117618 
1117653 
111770 1119623
1117760 
1117786 
1117833 
1117920 
1117942 
1118017 
1118083 
1118092 
1118120 
1118209 
1118245 
1118286 
1118302 
1118332 
1118347 
1118388 
1118546 
1118658 
111866 249858
1118764 
1118823 
1118848 
1119004 
1119078 
1119140 
1119178 
1119180 
1119211 
1119216 
1119295 
1119471 
1119505 
1119623 
1119654 
1119671 
1119708 
1119742 
1119751 
1119987 
1120019 
1120020 
1120049 
1120059 
1120084 
1120138 
1120169 
1120170 
1120197 
1120211 
1120252 
1120431 
1120444 
1120563 
1120643 
1120650 
1120713 
1120731 
1120777 
1120786 
1120858 
1120866 
1120880 
1120962 
112099 1114777
1121057 
1121063 
1121176 
1121254 
1121313 
1121398 
1121459 
1121537 
1121569 
1121603 
1121659 
1121739 
1121867 
1122304 
1122425 
1122460 
1122574 
1122580 
1122642 
1122704 
1123068 
1123087 
1123093 
1123188 
1123215 
1123239 
1123493 
1123530 
1123553 
1123576 
1123689 
1123756 
112378 1121459 1131728 141868 145215 654177
1123867 
1123926 
1123991 
1124837 
1124844 
1125082 
1125092 
1125258 
1125386 
1125393 
1125402 
1125467 
1125469 
1125492 
1125597 
1125895 
1125906 
1125909 
1125944 
1125953 
1125992 
1125993 
1126011 
1126012 
1126029 
1126037 
1126044 
1126050 
1126315 
1126350 
1126503 
1127430 
1127530 
1127541 
1127551 
1127558 
1127566 
1127619 
1127657 
1127810 
1127812 
1127851 
1127863 
112787 1120444
1127913 
112813 
1128151 
1128198 
1128201 
1128204 
1128208 
1128227 
1128256 
1128267 
1128291 
1128314 
1128319 
1128369 
1128407 
1128425 
1128430 
1128437 
1128453 
1128531 
1128536 
1128542 
1128839 
1128846 
1128853 
1128856 
1128868 
1128881 
1128927 
1128935 
1128943 
1128945 
1128946 
1128959 
1128974 
1128975 
1128977 
1128978 
1128982 
1128985 
1128990 
1128997 
1129015 
1129018 
1129021 
1129027 
1129040 
1129096 
1129106 
1129111 
1129208 
1129243 
1129367 
1129368 
1129369 
1129442 
1129443 
1129494 
1129518 
1129570 
1129572 
1129573 
1129608 
1129610 
1129621 
1129629 
1129683 
1129778 
1129798 
1129835 
1129907 
1129994 
1130069 
1130080 
1130243 
1130356 
1130454 
1130539 
1130567 
1130568 
1130586 
1130600 
1130634 
1130637 
1130653 
1130657 
1130676 
1130678 
1130680 
1130780 
1130808 
1130847 
1130856 
1130915 
1130927 
1130929 
1130931 
1130934 
1131116 
1131137 
1131149 
1131150 
1131163 
1131164 
1131165 
1131167 
1131172 
1131180 
1131184 
1131189 
1131192 
1131195 
1131198 
1131223 
1131230 
1131236 
1131257 
1131258 
1131266 
1131267 
1131270 
1131274 
1131277 
1131300 
1131301 
1131305 
1131312 
1131314 
1131330 
1131334 
1131335 
1131345 
1131348 
1131359 
1131360 
1131374 
1131414 
1131420 
1131421 
1131464 
1131466 
1131471 
1131549 
1131550 
1131557 
1131565 
1131607 
1131611 
1131634 
1131639 
1131647 
1131719 
1131728 
1131734 
1131741 
1131745 
1131748 
1131752 
1131754 
1131828 
1132073 
1132083 
1132157 
1132285 
1132385 
1132406 
1132416 
1132418 
1132434 
1132443 
1132459 
1132461 
1132486 
11325 
1132505 
11326 11339
1132706 
1132731 
1132809 
1132815 
1132857 
1132864 
1132887 
1132922 
1132948 
1132968 
1133004 
1133008 
1133010 
1133028 
1133047 
1133196 
1133338 
1133390 
1133417 
1133428 
1133469 
11335 1127657 11325 1153264 20833 217139 35070 49843 545647 582511
11337 1128256
1133846 
11339 11326 211432 30901 44017 45061
1133930 
1134022 
1134031 
1134056 
1134197 
11342 463825 65650 79809
1134320 
1134346 
1134348 
1134865 
1135082 
1135108 
1135115 
1135122 
1135125 
1135137 
1135345 
1135358 
1135368 
1135455 
1135589 
1135746 
1135750 
1135894 
1135899 
1135955 
1136040 
1136110 
1136310 
1136342 
1136393 
1136397 
1136422 
1136442 
1136446 
1136447 
1136449 
1136631 
1136634 
1136791 
1136814 
1137140 
1137466 
1138027 
1138043 
1138091 
1138619 
1138755 
1138968 
1138970 
1139009 
1139195 
1139928 
114 1103315 1105394 1106112 1106172 1106406 1107455 1111052 1114125 1117942 1118245 1118332 1120170 1126029 124064 128 130 136665 191404 193742 23258 28227 28287 28350 28387 28471 28485 341188 38480 39403 434 55968 58540 6155 6170 6196 6220 64484 7432 755217 8213 91975 976334
1140040 
1140230 
1140231 
1140289 
1140543 
1140547 
1140548 
114189 88356
114308 63835
114966 1125258
115188 1107728
1152075 
1152143 
1152150 
1152162 
1152179 
1152194 
1152244 
1152259 
1152272 
1152277 
1152290 
1152307 
1152308 
1152358 
1152379 
1152394 
1152421 
1152436 
1152448 
1152490 
1152508 
1152564 
1152569 
1152633 
1152663 
1152673 
1152676 
1152711 
1152714 
1152740 
1152761 
1152821 
1152858 
1152859 
1152896 
1152904 
1152910 
1152917 
1152944 
1152958 
1152959 
1152975 
1152991 
1153003 
1153014 
1153024 
1153031 
1153056 
1153064 
1153065 
1153091 
1153097 
1153101 
1153106 
1153148 
1153150 
1153160 
1153166 
1153169 
1153183 
1153195 
1153254 
1153262 
1153264 
1153275 
1153280 
1153287 
1153577 
1153703 
1153724 
1153728 
1153736 
1153784 
1153786 
1153811 
1153816 
1153853 
1153860 
1153861 
1153866 
1153877 
1153879 
1153889 
1153891 
1153896 
1153897 
1153899 
1153900 
1153922 
1153933 
1153942 
1153943 
1153945 
1153946 
1154012 
1154042 
1154068 
1154071 
1154074 
1154076 
1154103 
1154123 
1154124 
1154169 
1154173 
1154176 
1154229 
1154230 
1154232 
1154233 
1154251 
1154276 
1154459 
1154500 
1154520 
1154524 
1154525 
1155073 
116021 12960
116081 116087 277263
116084 116087 195150 568045 75972
116087 
116512 1107808
116528 1110438 25772 3237
116545 1128291 1128319 116553 246618 578645 578649
116552 116553 246618
116553 246618
116790 345340
117 1109581 149669 17476 189708 206259 28202 28278 28387 28471 32872 33013 341188 38480 39403 6170 6214 75674
117315 28336
117316 117315
117328 1115166 38829 91852 95188
118079 
118259 118260 230300
118260 230300
118424 118436
118435 118436
118436 
118558 
118559 1108209 1121739
118682 
118873 1109566 1115959 987188
119686 198443 987188
119712 1114118
119761 143801 284025
119956 
120013 
120039 
120084 1140543
120817 1109873 1140543
1213 1154525 409725 8766
12155 1126350
12158 12199 148399
12165 1107567 1112099
12169 1119471 4637 989397
121792 1152394
12182 1059953 1106418 1117249 1118764 1153183 12165 12211 155736 157761 219239 28632 28640 28641 309476 321861 429781 4660 5038 65650 94713
12194 27199
12195 1107319 1107567 1112099 1131611 1132285 12165 38722 51180
12197 111866 1119471 68495
12198 1126350 12158 12199 164 27612 95225
12199 1119471 12247
12210 1112574 12182 4804 57948 6125 67415 77515
12211 12165
12238 101263 1107567 1112099 12165
12247 1119471 148399
12275 
12330 107569 1120777 1152490 1153861 156977 213279 395553 400356 949217
12337 1129683 16451 16470 16474 395725 57764
12347 16451 72101
12350 101811 1104007 1107319 1131611 12158 12195 12198 12210 152227 157805 16451 20601 20602 27612 4804 6125 6539 67415 68495
123556 141160 14807 50354
12359 1131634 16451 242637
1237 102938 1102400 1106112 143676
123825 1131464 1131634 1154276 23448 42847 447250 649730 649739
124064 6163 6220 6224
124224 169279 6898
124296 51834
12439 105057 323128 340078
1246 1102400 1104007 42207 57764 6125
124734 1108167 25805
124828 1108169
124952 1119742 1123756 1126011 1126012 189721
12558 
12576 1071981 1104999 1105221 1107674 1129573 127033 135130 229635 28290 416455 56112 56119 56709 574710 575795 62718 63832 83725 8875
126128 
12631 1123188 1152150 1154103 12638 662416 6898 6910 78994
12638 1123188 119761 263553 4330 662416 6898 6910
126793 1131270 16843
126867 1108258
126868 1108258 126867
126909 103543
126912 103543 66990
126920 103543 126927 645897
126926 103543 126909
126927 103543 126920 644093 645897 646286
127033 1108267 416455 574710
1272 1102625 1108167 1120962 112378 1123867 1128256 1129208 1135125 1135358 157805 18615 192734 20593 254923 27230 284414 30895 30901 444240 520471 52835 552469 560936 591016 636098 65653 6917 6923 85452 85688 93923 97892
127940 1114364 243274
128 1114125 20526 39403 91975
128202 
128203 128202
128383 1108329
128540 387795
129042 1108363 1121313 129045
129045 1108363 1121313
129287 907845
12946 
129558 
12960 
129896 
129897 
130 13960 345340 39403
13024 899119
131042 40125
131117 152219 212930
131122 212930
131315 411005
131317 411005
131318 411005
13136 1118083 160705
13193 17208 755217
13195 1107312 1120731 755217
13205 1105148 13208
13208 1105148 131318
13212 1105148 131318 13208 170338 214472 358884 411005
13213 1152143 131318
13269 17476
132806 45599 48766 593260
132821 695284
133550 1109891 133566 140569
133553 105856 1120049
133563 105856 1120049 133566
133566 1152714
133567 1152714 133566
133615 1128531 1153866 55403
133628 1108570
134060 481073
134128 1113182 1113614 1117760
134199 1114331 164885 447224
134219 1112075 447224 503893 81714
134307 134316
134314 1116044 134316
134315 23069
134316 1117920 142268
134320 23069
135130 1105221 416455 574710
135464 1133004 1135589 120084 237489 8581
135765 6917
135766 135765 449841 6917
135798 1108656
1365 1031453 1102407 1105062 1106287 1108050 1110494 1110998 1113995 1114153 1114352 1114388 1114605 1116347 1116594 1117653 1119140 1120211 1120866 1128839 1129443 1130600 1131647 1131745 1131748 1132922 1132968 1135137 1135368 1136422 1136442 1152143 1152821 1154169 120084 139865 157401 161221 171225 184918 188318 188471 22835 23448 23502 23507 237521 26850 330148 340075 340299 39904 436796 49482 560936 562123 628500 648232 649731 69392 7276 7297 77758 782486 83826 85299 853150 90888 93555 948299 948846 949318 949511 950052 950305
13652 13654 13656 83746
13654 1115959 119686 83746 987188
13656 1120431
13658 1115959 1120431 119686 13656 198443 294239 987188
136665 23258
136766 348437
136767 136766 348437
136768 136766
13686 1107355 1120431 1272 1385
137130 23070 65074
13717 1110531 37998 38000
137359 1108728 1118286 1153101 1153150
137380 1108728 37541 85449
137790 10186 1113852 128203 2354 74749
137849 1115291 17242
137868 1110000 1131277 1131300 1154068 642827 91581
137873 
137956 13024
1385 
13885 1104379 13917 31043 42847 84459
13917 1120020
139547 
13960 
13966 13960
13972 1126050 20534
139738 1108834
13982 34979
139865 1108841 1110563
140005 86840
140569 
14062 1119708 1152358 1152421 1153280 1154459 141347 33907 44368 646836 97390 98693
14083 1103016
14090 1103016 643069
141160 1109891 1131345 133553 917493
141171 1121569
141324 1113438 503877
141342 1119708 35061 40 575292 608191 70970 78511
141347 1119708
141596 40125
141868 429805
142268 1110209 1117920 134316
143323 1130539 154134 217139 3084 84021
143476 1112686
143676 102938
143801 284025
144212 1131549
14428 1103031 1103969 14429 14431 34082 73119
14429 1103031 1103969 1119216 14431 34082 73119
14430 1103031 1103969 1119216 14429 14431 34082 73119
14431 1103031
144330 63486
144408 219446 3229
144679 1114239
144701 1112911 1128975 1128997 1136342 22229 595063
145134 129287 641976
145176 1112723 1132418 40124
145215 141868 429805 654177
14529 1103038 1114864 1119987 239829
14531 1103038 1105932 1152308 56167 592830 60682
145315 294126 649944
145384 1153287 7430 95589
14545 1103038 14549
14549 1103038 592830
147870 1109185 1132434 636500
14807 1111240 264347
1481 1102567 1106052 1108267 1111614 1113934 1114864 1117184 1119295 1120563 1153891 13960 200480 399173 4878 521207 521269
148170 1109199 1128997
148341 1109208 1131116
148399 
149139 1123215
149669 589923
15076 25702 708945
151430 1115670
151708 1120786
152219 
152226 1102400
152227 1139928 152226 987197
152483 583318 593091
152731 1109392 23507
153063 1131223 440815 561568 561581 561593 561595 561610 561613 645084
153598 1113459
154023 1112106 1133846 154047
154047 1112106 1133846 154023
154134 
15429 10169 10177 1104007 1107572 1114526 1153160 12197 12350 175576 210309 217115 219239 35854 41666 57948 77515 89547 9513 9515
15431 35854
154982 1121867 1130927 1130931 1130934 1133028 129897
155158 397590 8687
155277 
155736 155738
155738 155736 157761
15670 12558
156794 1109581
156977 1152490 1153861 390889 395547
157401 1118017
157761 219239
157805 6539
158098 
158172 445938
158614 10169
158812 1127812
15889 1110024 1118388 1152564 1153891 15892 175909 221302
15892 1116146 1118388
159084 1152711 159085 241821
159085 1152711 241821
15984 158098 189577 308920 714975
15987 1127530 158098 3192 523394 653441 714289
159897 310653 683355
16008 1105531 1131165 158098 189571 189572 189577 308920 3191 3192 523394 642827
160705 
160732 1128853 75969
161221 1153922
162075 1109830 162080 737204
162080 1109830 1135345 162075 739707
162664 118682 39165 510718 531348 531351
163235 1109873
164 
16437 152219 16470 16474 395725 430329 51831
16451 118436
16461 1105603
16470 1129621
16471 1104787 1114992 1126044 16474 273949
16474 16471
16476 1123087 1129621 12359 16474
16485 105856 1104787 1105603 1109891 1120049 1123087 12347 286500
164885 447224
166420 1119751
166825 1110024 1118388
166989 1110028 1121063 25805
167205 
167656 
167670 1123068
16819 1131167 1131236 1131274 1131312 126793 643003 643069 643221 644093 644334 646195 646286
168332 86359
168410 
16843 1152259 1152991 643069
1688 1103985 1131360 1133338 1134022 1136814 1153065 152483 1694 39474 44368 576725 647413 69284 694759 84021
168958 
169279 1132083 1154103
169280 1132083 1154103
1694 39474
170338 
170798 656231
171225 
1717 1115291 1116336 1135108 50381 733167
171954 1110256 1135750 1138755 820662
17201 1107140 1118245 1126012 17208 184157 32872 95435
17208 1152633 1153262 184157 32872 95435
17242 1115291 280876
17363 444191
173863 116790
173884 
174418 307336 636511
174425 174418 636511
17476 1103162 1105033 1122425 1129208 170338 28456 33013 682666 892139
17477 1103162
17488 1103162
175256 1120643 1133196 682815
175291 52784
175548 105856 1120049 689152 753070
175576 
175909 112787 1153891 221302
177115 5069
17798 1119987 1152308 3231 323128 39131 56167
177993 1110515
177998 1110515 583318
17811 1107136 63486
178209 1000012 116084 195150 568045 75972
17821 245955
1786 35797
178718 1110546 69296
178727 1110546
179180 1110563 1126037 139865
179702 1121569 1152859 141171 424540
179706 141171
180187 1131719
180301 1110628
180373 180399
180399 1120084 385572
1817 1114502
181782 
182093 197054
182094 1131550 197054 650814
18251 1106052
18313 249421
184157 95435
184918 171225 330148
18532 86923
18536 1106854 424540 86923
18582 
18615 1000012 4660 582343
18619 1153091 18615 4660
187260 1110950
187354 1117786 1127851 372862
18770 28964 531348 531351
18773 167656 88356
18774 73146
18777 103537 1112686 116790 173863 18774 33013 345340 445938 510718 66794 73146 79817 94713
18781 1108175 18785 86840
18785 
18811 1106401 1112686 20920
18812 20920 510715
18815 1104449 20920
188318 1110998
18832 1122425 18833 682666 81350
18833 
18834 1152740 1152944 18833
188471 628500
189566 1153014 189856 310742 36802 90470
189571 1154232 189572 521855 714748
189572 1134348
189574 1123689
189577 
189620 1129994 1133417
189623 683355
189655 559804 714260 714748
189708 149669
189721 1129518
189774 1134346 714879
189856 1129518 1129994 683355 683404
19045 593210 593328 593329 87363
190697 
190698 1114502 190697 198443
190706 144212 182094
191216 
191222 191216 708945
191404 
1919 1108389 1109581
19231 1107572 1153736 12960 18619 30934 686061
192734 
192850 272720
192870 1111186 1114398
193347 1129835 1131719 193354 612306
193352 1129835 1131719 193347 193354 612306
193354 1129835
193742 1111230 6152
193918 1111240
193931 1111240 193932
193932 1111240
194223 1126044 390922
194609 1128868 1129572 1154520 126128 215912 31927 563613
194617 1124844 1129572 215912 31932
194645 248823
1949 129042 3101
1951 3095
195150 568045
1952 1107215 1111899 1949 3101
1953 1153166 1153724 1153728 1949
195361 1111304
1955 110163 1110390 1125386 1956
1956 101143 1111899 1118302 1153101 1153150 1817 263486 83449
195792 1128974 19045 377303 593210 682815
1959 101143 1152896 1153728 170798 207395 3097 310530 38839 73327 82664
19621 1106287 1114153 1114442 1126044 1128846 1131464 1135082 1135137 123825 184918 23448 240791 330148 42847 49482 6184 62347 628888 631052 649730 649739 66990 684372 7276 7297 763009 83826 853116 948147 948299 950052
19697 131318 239800 32698 40124 95718
197054 1125092
197452 1135894 424
197783 
198443 190697
198653 1113551 1130539 1152896 3084 887
198866 1153728 73327
199571 46431
1997 1102442 1108551 1109439 1109542 129897 154982 3233 49811 7032
1999 1102442 1123068 1131471 39126 6771
200480 
200630 643734
20178 38829 64271 91853
20179 20178 91852 91853 95188
20180 91853 943
20193 1108597 1114777 1116397 1116839 1119180 112813 1130653 1130657 1138091 1152244 1153877 1153879 1153889 144330 3085 30973 395725 5062 566488 566653 566664 91853
202520 1115701 446271
202522 446271
202639 1117348 1123087 1154123 1154124 144408 242637 40131 643597 672064
203646 1116569
205192 1132968 578337 99030
205196 1112929 1130568 1130586 628751 628764 628766 815096 950986
20526 1103315 1118092
20528 1103315 1103676 1107067
20534 1103315 1106966 1107455 1111052 23774 70442 7419
20584 1106849 1111788 1118823 20592 20593 235776 389715 6311
20592 20593
20593 
20601 1108167 1118209 1121537 12158 12199 12247 124734 20602 25805 42207 95225
20602 1108167 1121537 12155 12158 12199 12247 20601 42207 95225
206259 
206371 69296
206524 48075
207395 
20821 1127851 372862
20833 
208345 1114777 55801
20850 
20857 1127863 1155073
20920 
20923 1115701 1116530 20924 289885 294030
20924 1108267 1113934 1115701 289885 294030 521207
20942 
20972 1116181
210309 1111978
210871 1117476 1128151 1129629 198653 273152 35 38205 568857 575077 595157 59715 81714 887
210872 1129610 210871 273152 35 593260 606479
211432 
211875 
211906 
212097 1112071
212107 1112071
212777 
212930 
213246 1122642 34263
213279 197783
214472 
215912 31932
216877 1117618 334153
216878 1117618 334153 711527
217115 1112319
217139 154134
217852 
217984 1112369
218410 1152663 134128
218666 
218682 22874
219218 1112417
219239 12247 157761
219446 1112426 1127812 249421 567018
219976 1116410
220420 1128227
221302 1153891
22229 1103383 1107418 1112911 1128369 144701 190697 22241 243483 459216 593105 595193
22241 1103383 1107418 1128369 595193
22386 1107010 1128407 207395 310530 38839 38845 38846 3932
22431 1110426 144330 49843 49844 49847 6639
22563 10435 107251 107252 1103394 1120962 1121459 1123926 12439 13686 1786 22564 22566 3220 36140 389715 63915 6767 6771 94229
22564 10435 1103394 22566
22566 10435 1103394
226698 1112767 1122304
227178 1114502 1128946 1128985 593240 96847
227286 1115790
22835 1110563 39904
22869 22876
22874 22876
22875 1110947 1113934 22876
22876 
22883 22876
22886 1107367 1120444 28447
228990 228992
228992 
229635 
230300 118260
23069 23070 74700
23070 1116044 134307 134316 74698 87915
230879 1130808 1132486 1132948 1133428 1140230 205192 230884 236759 2658 578309 578337 696342 696343 696345 696346 751408 851968 99030
230884 1131607 1132486 1135899 751408
23116 1105433 1111978 40124 41666 576257
231198 1153195 1153922 144408
231249 1125492 1127913
23258 1106052 168410 18251
232605 25413
232606 1132809 232605 25413
232860 1113084
233106 12275 630890
23448 
23502 184918 23507
23507 1109392 13717 152731 217852 23502 649731 93320
2354 10186 1107140 1113852 1130539 154134 40151 74749
23545 
23546 27230
235670 
235678 235670 235679 689439
235679 1154524 235670 235678 57773 689439
235683 1154524 235670 235678 235679 57773
235776 
236759 
237376 
23738 101662 101811 1118764 11325 11342 1153064 1153148 189574 22563 27249 27250 411092 65650 73146 84020
237489 1120059 2665
237521 2665
23774 1106406 1107455 7432
238099 1127851
238401 1125386
239800 95718
239810 359067
239829 
240321 1132434 1132459 1136397 1154123 1154124 428610 447250 675649 675847 69392
24043 1111265 15076 928873
240791 1113438 45605 503871 650834
241133 1113459
241821 1152711 159085
242637 1113541
242663 
243274 
243483 459214
2440 1000012 1061127 1106388 1107095 1108551 1110426 1114512 1117786 1119295 1120650 1127619 1153254 136766 136768 151430 18615 212777 23546 27230 49811 49843 49844 49847 582343 591016 591017 63931 6917 6923 72908
24476 1103499 1106546 1153024
245288 1122460
24530 1109581
245955 
246618 1113742 116553
248119 
248395 1113828 58552
248425 1113831 1121398 592975 594387
248431 1113831
248823 682666
249421 1127812 567018
24966 1104449 1105344 1105433 1106370 1106671 1123576 1131149 1131267 1152194 1154042 124828 131042 131318 145134 145176 19697 197452 202639 23116 239800 27627 40124 63549 641976 65212 671293 79809 92065 95719
24974 1104258 1112723 131042 34315 40125 6771
249858 111866
250566 1113926
251756 1102550 195792
25181 1152277 1152673 1154251 25184 27174 96335
25184 285675 385572
252715 601561
252725 
253762 23116
253971 1129621
25413 
254923 108047 444240
255233 33303
255628 1135589 1140543 120084
256106 1114192
25702 1108834 1118848 1136397 1153897 147870 202639 675649 910
25772 1104769 1105932 1122580 1126503 1997 641956
25791 28202 45212
25794 582343
25805 1108167 1110028 1121063 385251
258259 168958
259126 
259701 1114331
259702 1114331 1131116
259772 1114336
260121 1114352
260979 1114388
261040 110164 1117184
262108 1114442
262121 1114442
262178 1114442 1138968 85449
263069 1131116 148341
263279 1114502
263482 1114512 1118302 263486
263486 1114512
263498 1152761 1153860
263553 1117219 662416 6910
264347 1153183
264556 120084 289085 335042
265203 86359
2653 102406 107177 1104055 1116268 1116842 1118764 1119751 1152075 167656 175291 197783 28641 321861 350362 4660 59045 6125 65650
2654 1104851 1106630 1107861 1110438 1116842 1121867 1123926 1152075 197783 211906 27250 463825 52784
2658 1115375 1130676 1130808 1131607 1132948 1135899 1140230 230884 236759 282700 395540 578347 696342 696345 696346 751408 99023
2663 1119671
2665 1105574 1113035 1115375 1122704 1130676 1130808 1131607 1132486 1132948 1132968 205192 230884 237489 2658 395540 43639 578306 578309 578337 578347 582139 630817 631052 696345 696346 751408 763009 99023
267003 75121
267824 1153195 69198
26850 1114605
2695 1108169 1120197 2698 342802
2696 1108050 1108169 1113035 1114192 1118083 1120858 1123239 1133004 160705 256106 2695 2698 342802 469504 5348 5869 99025
2698 1114192 256106 2695 342802 99025
270085 
2702 1120777 12330 395553 72056
270456 203646 63549
270600 1114838 1153003
27174 180373 25184 35343 96335
27199 148399 248119
27203 1106418 1118209 148399
27230 23545
272345 
27241 1106492 1116268
27243 1104851 59045
27246 1110390
27249 368431 8079
27250 
272720 192850
273152 210871
273949 1114992
27510 1110998 1128990 1152143 188318
27514 1152143
27530 1106630 1128542 27531 592826 66594
27531 1106370 763009
27535 1112026 13686 173884 308232 34961
27543 1106630 1135125 27531
27606 111866 124734 249858
27612 1118209 12198
27623 105899 1104182 1126029 27632 28254 686015 686030 686061 75674
27627 105899 116021 18619 23116 27632 28254 686015 686030 686061
27631 20528 28254 55968
27632 28254
277263 
278394 627024 851968
278403 627024
27895 105057 1103676 1122580 112378 1132706 1786 23738
28026 5064 5069
280876 1115291
28202 1114629 1128267 325497
28227 20526 6169
28230 1108267 1123756
28249 1116347 1129096 628668
28254 105899 1118092 686015 686061
28265 1152436 943
28267 1152896
282700 1115375
28278 1107312
28287 1106547 1107355 128540 1385 308529 387795 567005 56709
28290 1104999 1107674 28287 308529 56709 63832
28336 108047
28350 1109957 1113459 1129243 13193 241133 28227 341188 6210 6220 628667 628668 95579
28359 35863
28385 1106112 1125895 118558
28387 1107312
28389 353541
284023 1152958 1152959 119761 346292
284025 119761 949217
28412 1128430 27631 6217 6220
284414 1115456
28447 1107367 1120444 194645
28456 
28471 91975
28473 
28485 168410 23258
28487 1153056 128 206259 8213 95586
28489 13193 6210
28491 1152910 153598 341188 782486
28504 1139928 1153287 131315 365294 7430 95589
28542 124064 206259
285675 
285687 285675
28632 32260
28640 1059953 28641
28641 
28649 12182 155736 155738
286500 
286513 1131557 177993
286562 
28674 
287787 1123756 1130847 1130856 415693 503883 634902 634904 634938 634975 647447
288 1118092 36167
288107 1123215
28851 54131 578669 595157
289085 689152
289088 689152
28957 103537 1105531 159897 189577 28964 35922 66794 88356 94713
28964 1125402 1125944
289779 289780 801170
289780 1128453 1153784 801170
289781 1128453 1153784 289780 801170
289885 1115701 20924
289945 48550
292277 578845
293271 293285
293285 
293974 1125469
294030 20924
294126 649944
294145 
294239 
29492 1112426 1122574 131117 144408 152219 29708 3229 400473
29708 131315
29723 131315 300071 35905 6818
29738 155277
299195 
299197 
300071 
300806 1133010 29723 396412 6818
302545 1152858
307015 1131198 335733 39474 643199
307336 285675 708945
307656 1131360 270085
308003 
30817 1120211 3229 631052 75691
308232 
3084 1107171 255233 33303
3085 15889 221302 30973 395725 5062 83449
308529 
308920 
30895 1152277 1152673 1154251 144679 30901
30901 
30934 12960
309476 
3095 110162 110163 218682 83449
3097 1106236 129045 1949 1952 3101
30973 
3101 110162 110163 110164 70441
31043 
310530 38839
31055 1106630
310653 159897
310742 
31083 1123068 48066
31097 
31105 1105672 175291
3112 103529 110163 110164 1152564 1949 470511 77826 77829
312409 
31336 1129442 31349 686532
31349 686532
31353 10531 1063773 1107567 1123576 1124844 1129442 1129608 1135746 1152162 1152272 1152904 194617 286562 31336 31349 31927 43698 686532 686559
314459 1121603
31479 1115701 114189 14549 20592 289885 294030 39165
31483 1131137 118682 39126 39165
31489 1130780 1152150 227286 40583 40605 632796 632874 632935 633585 633721 9581
315266 
315789 1138027 1139195
31769 67245 67246
318071 1153014
318187 1116922
31863 358894 91581
3187 1110000 129896 129897 280876 5086
3191 105865 1106789 1127530 1131267 129896 129897 137873 162664 308920 310742 3192 423463 5086 561364 642827
3192 105865 129896 310742 3191 423463 5086 561364 642827
31927 1124844 1129572 194617 31932
31932 194617
32083 1113995 1120962 1153933 200630 31769 346292 35061 45605 6771 688361
321004 1117049
3217 1000012 167670 238099 65653 86840
3218 1106492 1110426 1119987 1120169 1152290 1153264 187354 277263 35070 417017 49843 6639 66782 6767 6941
321861 1117089
3220 1115677 1125992 1128430 1130634 1131728 1132706 120039 145215 167670 346243 36620 39124 40922 429805 654177 69397 8832
3222 1103737 1114222 1131137 1132157 167656 964248
3223 1132157 1153101 1153150 167656 167670
32260 62274 94713
32276 15076 174418 39199 636500 636511 84695
3229 100197 1050679 1103960 1105718 1106568 1108209 1108834 1109392 1112767 1125082 1125895 1126037 1128839 1128868 1130915 1130927 1130931 1131647 1131748 1132418 1140289 1152277 1152673 1154169 1154251 118559 133550 157401 16461 189577 23502 25181 25184 27174 27631 31769 33412 35343 35863 35922 390922 396412 444191 447250 48550 49482 52515 62347 641976 654326 7022 72101 82087 82098 83826 90888 919885 92065 948299 949511 96335
3231 104840 1102761 1106330 1106370 1107067 1113926 1115471 1125386 1128536 1131471 1153169 167670 180399 200480 20850 25184 259126 263279 3237 328370 39124 39126 46431 49660 6334 63477 63486 636098 66594 68463 8699 8821
323128 
3232 1106330 1123068 1128536 20850 20942 521251 66594
3233 1103737 1114222 1125467 192850 1997 272720 509379 66594 976284
3235 1114222 65653
3236 1125467 167670 3233 3237 601561
3237 964248
3240 1110531 1131137 3233 36620 39130 964248
3243 1103610 1104055 1110947 1113739 307336 30895 30901 31932 350362 368431 854434 96335
325314 1122704
325497 
32688 1717 69418
32698 95719
328370 
32872 1118245
33013 
330148 184918 23502
330208 469504 99025
33231 1105531 1121254 1132887 158172 293974 300071 315266 445938
33301 1022969 33303
33303 
33325 1110256 12960 429781
33412 124296 211875 34708
334153 1117618
335042 1117653 289085
335733 643199
337766 110162
33818 1120138 1123087 78549 78552 78557
33823 1119004 33818 78549 78552 78557
33895 1103960 1153577 1154176 33904 593813 82087
33904 1103960 1110546
33907 1103960 1134022 1136814 593091 593813
340075 
340078 928873 949217
340299 74427
34082 1103969 1119216
341188 1117942 682666
34257 1106771 1111186 1114398 1115456 1116974 1122642 1153003 192870 34263 34266 368605 87482 90655
34263 1122642 87482 90655
34266 1122642 34263 90655
342802 2695
34315 1103979 40125
34355 1103979
345340 
346243 521251
346292 1152958 284023
34708 102406 120039 211432
348305 193352
348437 
34961 22883 31043
34979 1104007 1106418 13982
35 1033 103482 103515 1050679 1103960 1103985 1109199 1112911 1113438 1113831 1114331 1117476 1119505 1119708 1120431 1123756 1125386 1127430 1127913 1128204 1128227 1128314 1128453 1128945 1128959 1128985 1129018 1129027 1129573 1129683 1129778 1130847 1130856 1131116 1131360 1131557 1131752 1133196 1133338 1136814 1137466 1152421 1152508 1153065 1153280 1153577 1153853 1153943 1154176 1154459 116552 12576 128540 132806 135130 141342 141347 148170 15670 1688 175291 178727 18582 190697 190706 1956 197054 198443 198653 206371 210871 229635 231249 248425 249421 254923 259701 259702 263279 263498 265203 273152 27510 28290 286500 287787 28851 289779 289780 289781 307015 335733 33904 33907 35061 38205 387795 415693 41714 427606 44368 45599 46079 46431 486840 48766 503883 503893 513189 54129 54131 56119 561238 568857 573964 573978 574009 574264 574462 575077 575292 575331 576725 576795 577227 578780 579008 592973 593091 593105 593240 593260 593813 594047 594543 594649 594900 608326 634902 634904 634938 634975 640617 646809 646837 647408 647447 66556 66563 66805 69284 69296 694759 735303 78511 787016 801170 81722 82098 84021 85352 86359 8865 887 97645 98698
350319 193932
350362 
350373 
35061 1113438 1152761 1153860 144701 210871 22229 240791 263498 45605 48766 503871 682815
35070 
35335 168958 35343 59772
35343 1118332
353541 
354004 1118546
35490 1104031 1116410 64271 95188
35778 108962 108983 1108389 1125469 1919 519318 73146
35797 100961 1050679 1110998 1116629 1128974 188318 399370 60169 60170 627024
35852 1035 1113438 41732 486840
35854 
35863 134060 20972 28359
358866 358894 79809
358884 358894
358887 358894 79809
358894 
35905 1152162 1152272 1152904 29723
359067 
35922 1105116 1140547 1152162 1152272 1152904 194223 390894 390896 390922 396412 50336 50337 66982
360028 1118823
36131 1152633 17208 77438
36140 105057 1104055 112378 12439 22563 27249 323128 350373 35797 46500 57764 63915
36145 1104055 1105672 1116268 272720 52784
36162 1132815 1152307 1152448 1152975 1153703 197452 20528
36167 20528
362926 
365294 7430
36620 1128430 120039 189620
367312 1119211 746058
36802 1108389 130 189856 37888 589923 590022
368431 30901
368605 1153003
368657 400455
370366 1140040 641956 928873
372862 
37483 1130539 217852 2440 5959 63931
37541 1119140 260979
375605 1119505
375825 1119623
376704 1119654
377303 1129572
37879 1105116
37884 300071
37888 1108389 1125469 1152633 293974 77438
379288 67633
37998 
38000 
380341 60560
38205 108047 1128997 1129610 1153942 117316 592975 592986 593060 595056 606647 61069
3828 1152896 1956 207395 310530
384428 1120019
38480 1104182
385067 272345
385251 
38537 1131270 1131277 137868 153063 642847 646195
385572 1120084
38722 1106172 1135746 5038 51180 65650 81350
38771 1104191
387795 128540
38829 1107010 1116397 1152244
38839 310530
38845 1107010 1110579
38846 1128407 38845
389715 107251 107252
390693 1131639
390889 
390894 
390896 
390922 
39124 
39126 1107067 88356
39127 1105932 1128881 1128927 1128935 116081 116084 116087 195150 277263 3231 46476 49660 52835 592826 592830 75972
39130 346243 36620 39131 521252
39131 1106330 1131728 3231 6334
39165 1131137 118682 39126
39199 39210 66982 66990
39210 66982 66986
3932 5075
39403 130
39474 1694
395075 
395540 1130676
395547 
395553 395547 684972
395725 1135115 1153933
396412 
397488 1120643 1134865
397590 1120650
39890 1123689 1154229 1154232 1154233 149669 162664 189571 242663 294030 3191 51045 521855 523394 559804 653441 714256 714289 714975
39904 
399173 
399339 1120731
399370 60159
40 1109017 1114442 116552
400356 1120777 66990
400455 368657
400473 131117
40124 1104258 1112723
40125 1104258
40131 118079
40135 118079 13686
40151 1104261 1132418 1152307 1152448 1152975 1153703 288 49660 671293
40583 
40605 40583 633721 884094
40886 1121459 112378 1131728 141868 145215 429805 654177
408885 1154173
40922 
409255 1153097
409725 
411005 
411092 
41216 1104300
41417 1108329 1113551 128383
415693 254923
416455 
41666 943087
416867 1121537
416964 127940
417017 
41714 1033 1110515 144212 182094 190697 190706 197054 44455 568857 594047 61069
41732 
421481 375825
42156 1116594 1118120 1152179 340299
42207 219239
42209 27199
42221 248119 27199 42209 57948 989397
423463 
423816 1134865 48781
424 1135125 218666 47684
424540 48555
4274 1105428 1114664 1119078
427606 1050679 1131634 1138968 62329
42847 1104379
42848 1104379 1116835
428610 
429781 
429805 
430329 127940
430574 1105622
430711 1132416 671052
431206 662572
43165 1131195
43186 1135894 152731 16461
4329 105899 1110768 1111304 28254 395547 46468 510718
4330 1103676 1103737 1104449 1108834 11093 1109439 1110438 1112929 1114352 1132459 1132461 1135108 1136393 1136397 1152917 118436 119956 120013 12946 137873 151708 168410 1717 299197 32688 328370 35797 37884 390889 395553 428610 4329 46468 684986 69392 69418 753265 949217
4335 1104300 1121254 1136310 1136397 1140547 116790 1717 239800 32698 35922 390889 46468 62274 62417 755082 95718
434 267003
43639 469504 99025
436796 
43698 1129442 31349 686532
44017 1106492 206524 48075
440815 645571
44121 1104435
44368 1128227
444191 1154068 6910
444240 
44455 1128985 128540 227178 387795 41714 568857
44514 210871 253971 606479
445938 315266
446271 
446610 300071
447224 164885
447250 
449841 1123093
45052 1131266 27250
45061 
45188 1130929 192734 350362 45189 976284
45189 1105450 1106401 1132385 192734 192850 272720 45188 976284
45212 1105764 120013
4553 1102548
45533 1104495 1106771 1115456 1116974 34266 87482
45599 
45603 1104647 1125092
45605 1033 1035 1131639 144212 190706 240791 503871 682815 975567
4584 1031453 1102550 1113739 1116347 1120020 1128839 1130567 1130600 124064 1272 128 132806 13885 13917 168410 188471 193742 28278 28287 293285 36167 6151 6155 6184 6196 6210 6213 6214 628500 628815 782486 976334
458439 1123493
459206 1123530
459213 1123530
459214 1123530
459216 1123530 593210
46079 1152569 69284
463 58454
4637 164
463825 
46431 
46452 1153091 582343
46468 27249
46470 1105450
46476 
4649 1105887 1127851 135765 135766 411092 434 449841 6917 8703
46491 107251 107252 1105672 1118823 1120169 1152290 137380 308232 37541 389715 46547 51834
46500 57764
46501 1153275 57764
46536 
46547 107251 1118823 1786 389715
4660 18615 429781 5038 582343
466170 66794
467383 1128977 116553
46887 1111788 1153106 235776 45212 6311
469504 
470511 
47570 385067
47682 1125393 47683 47684
47683 
47684 
47839 1124837
4804 102884 1108175 1112574 1153262 12182 12210 157761 164 25805 45189 68505 77515 976284 989397
48066 
48075 
481073 
48550 133563 227286
48555 133563 48550
486840 1128975 595063
48764 1104647 1125092
48766 1104647 595056
48768 1104647
4878 1102567
48781 1120643 1134865 397488 423816
49482 1112369 217984 631052 7297
49660 3237 66594
49720 49753
49753 49720
49811 3233 463825
4983 7867
49843 1106388 49844 49847
49844 1127851
49847 49844
49895 
502574 
50336 13269 35922 390894 50337 683355
50337 13269 390894 396412
50354 123556 14807 289088
5038 
50381 62274
503871 
503877 1131374 1153577 1154076
503883 1131374 1153577 1154076 577331 646809 646836 646913 647413 647447
503893 1153577 33904 646837
504 1102364 1112650 506 89416
5055 1104851 1107861 1119751 1121867 129897 167656
506 1102364 1106546 89416
5062 1120563 28026 5064 5069 521207
5064 1120563 1121176 1129106 272345 28026 385067 5069
5069 1120563 385067 5064
5075 1120563 5064 5069
50807 1104749
50838 1126503 25794
5086 109323 1105698 129896 137849 3187 3191 354004 423463 440815 561364 79809
509233 
509315 
509379 1125393
50980 73972
51045 242663
51049 1134320 1154232 242663 39890 51045
51052 242663 51045
510715 
510718 
51180 1107319 12195 12350 50381
513189 1125597 573964 576691 787016
51831 
51834 
51866 1119078 22883 27535 34961
51879 1114664 22883 51866 51909
51909 1105428 173884 502574
519318 1125906
51934 14545
519353 1125909
5194 1152714 133550 133563 133566 140569
52000 1104809 52007
52003 1104809 1112194 52000
52007 1104809
520471 1125953
521183 1125992 521207 521251
521207 521269
521251 1125992
521252 1125992
521269 1125993
521855 519353
522338 1132864 683360
523010 1126044 1140543
523394 714975
523574 1154229 523394 653441 714289
52515 300806 39199 446271
52784 1104851
52835 1115471
52847 1131471 1153811
529165 1126315
531348 531351
531351 531348
5348 1108050 1114192 1118083 1120197 1120858 1123239 1132968 139547 256106 2695 2696 342802 75695 911198 99025
53942 1117184 56167
54129 108047 1128291 1128319 1136791 117315 117316 17477 28336 578645 578646 578649 578780 593022 594543
54131 1128982 1153897 141324 243483 459213 459214 578780 593859 593942 59715 66563
54132 1117476 1128985 578780 579008 593921 594387 59715 62634
5454 1105574 1128425 1130680
54550 5600
545647 582511
5462 1129111 119956 227286 910
54844 1104946
552469 
55403 1128531
55770 1114777 208345 521207
55801 208345
55968 892139
559804 653441 714289
5600 1022969 1117833 255233 33303 77826
560936 562123 91581
56112 1104999 1107674 127033 56115 56119 63832 83725
56115 1104999 1107674 1129573 127033 135130 56119 62718 63486 63832 69284
56119 1104999 1105221 127033 63832
561238 
561364 642827
561568 153063
561581 561582 646440
561582 561581
561593 1131223
561595 561581 561582
561610 561595
561611 561595 561610
561613 153063 561568
56167 1117184 1119178 1152308 239810 359067
561674 1127541 561581 562067
561789 1127551 561674 562067
561809 1127558 1131300 562067
562067 1127566
562123 560936
562940 1127619 61417
563613 1129572 31927
566488 
566653 3085 566664
566664 3085
567005 1127810
567018 1127812
56708 28287 308529 56709
56709 1128959 18834 28287 308529 416455
568045 
568857 1129629 1153816
57119 1129570 1132731 1152676 1153942 28456 592975 592986 593060 595056 606647 647408
573535 693143
573553 1129608 1135750 1138970 171954 820662
573964 513189 576691 787016
573978 
574009 594900
574264 576795 815096
574462 
574710 
575077 117316 579008 593544 594649 608190 608191 66556 94641
575292 1131734 1138968
575331 
575402 1129778
575795 1128975 595063
576257 1153943 594649
576362 1129629 286500 568857
576691 1128198
576725 576795
576795 1128201
576973 1128208 58758
577086 
577227 1131752
577331 1128227
57764 711527
57773 1154524 235670
578306 578347
578309 578347
578337 1132486 236759 696345 696346 99023
578347 578309
578365 578306 578309
578645 
578646 1128291 1128319 1153899 1153900 578645 578649
578649 
578650 1128291 1153853 578649
578669 1128943 1128978
578780 
578845 578645 593240 593559 593560
578898 578646
579008 1128943 1128978 248425 593921 594387
579108 1128314
57922 1118658 57948
57932 6925
57948 1114526 1118658 57922
582139 1128425 1130680
582343 1128437
582349 1128437
582511 545647
58268 13024 137956 899119
583318 
58436 1114239 87417
58453 87417
58454 144679 87417
58540 181782
58552 1113828 248395
5869 1110520 910
58758 1128204 1128208 1688 33895 576973 69284
589923 590022
590022 
59045 1121867
591016 1128856 591017
591017 1128856
59244 
592826 1128935
592830 1128935
592973 592975 592986
592975 592986
592986 592975
592993 1128943 1128978 593105
592996 1128943 1128978
593022 1128946
593060 1128977
593068 
593091 593248
593104 1129015 593921 593942
593105 
593155 593240
593201 594649
593209 593210
593210 
593240 1136791 593210
593248 
593260 
593328 87363
593329 87363
593544 1128982
593559 593560
593560 593559
593813 
593859 
593921 
593942 1129015 1153896
594011 1153896 593942
594025 
594039 1129015
594047 1129629 650834
594119 1129021
594387 
594483 1129040
594511 1153899 1153900
594543 
594649 
594900 
595056 
595063 
595157 
595193 
5959 1102625 152226 545647 582511
596075 
59626 102406 124734 217115 249858 6125
5966 1102625 1106388 1107861 1110390 1114502 68463 86840 8699
59715 96845
59772 35335
59798 1152277 1152673 1154251 180373 25181 27174 30895 96335
601462 1129367 1129368 1129369
601561 
601567 
60159 399370 60169
60169 399370
60170 399370
604073 1129494
60560 
606479 1129610
606647 
60682 63477
608190 608191 70970
608191 70970
608292 
608326 1129683 1131611
610529 1153946
61069 1107062 1129610 1153816 28456 975567
61073 975567
612306 1131719 193347
6125 1107572 12211 27612 28641 385251
6130 1132461 1154123 1154124 671269 675847
61312 1105231
613409 1129907
61417 1106764 212777 94416
6151 1106547 1107355 1130567 1385 193742 6152 6155 6213 6214
6152 299195
6155 1126029
6163 1106966 1111052 1113739 130 134128 20534 28202 96847
616336 689439
6169 1106406 1114629 1130567 170338 20526 7419
6170 
617378 1130069
617575 1130080
6184 10981 1105718 1120731 1136422 13686 27631 3229 399339
6196 1120731 1153056 28387 58540 81350 976334
6209 1108329 118259 118260 168410 181782 212930 28485 38480 8213 8875 95579
6210 1120731
6213 10796 1103315 1105764 1106406 1106547 1106966 1107355 1107455 1108329 1109957 1111052 1111230 1111304 1113182 1113459 1113614 1116347 1117760 1117942 1120020 1122425 1123553 1128267 1129096 1129243 1130567 124064 12576 128 13193 134128 1385 13960 153598 161221 17208 193742 195361 20526 20534 218410 23774 241133 28202 28227 28278 28350 28471 28485 293271 299195 299197 353541 35863 38480 399339 434 55968 58540 595056 6151 6155 6163 6184 6210 6214 6215 6220 6224 628667 628668 628815 672064 7419 755217 91975
6214 1105764 1106172 1109199 1115886 1126029 1130600 1152740 124064 13960 149669 188471 23258 27631 28278 28447 345340 38480 399339 6155 6184 6196 6215 6224 628500 6378 93320 95589 97892
6215 1120170 6224
621555 1130243
6216 1113739 1116347 1123553 230300 96847 976334
6217 
6220 134128 6163 6224
6224 28387 345340 6163
62274 32260 50381 94713
62329 1131565 195792 251756 593155 650834
62333 
62347 62333
6238 10793 1123991 1130356 84459
62389 1107325
62417 1107558 41216
62607 294145
62634 243483
626530 1130454 1154012 626531 626574
626531 1130454 626574
626574 1154012
62676 14083 312409
626999 139547 911198
627024 911198
62718 127033
628458 628459
628459 
628500 1130600 188471
628667 628668
628668 
628751 628764 950986
628764 
628766 
628815 1130567
628888 628764
630817 1130676
630890 1130678
631015 396412 631052
631052 
6311 1114864 1115677 235776 69397
6318 1108656 1119295 1121057 20833
632796 884094
632874 40583
632935 
633030 633031
633031 633030
633081 1130780 31489 40605 632796 632874
6334 1107067 1116268 1152307 1152448 1152975 1153169 1153703 200480 20850 3231 444240 46431 68463
633585 40605 633721 884094
633721 1130915
6343 1125992 141868 200480 359067 521252
6344 1112665 200480
6346 1106103 1112075
63477 
63486 509379 83461 96845
634902 634975
634904 634975
634938 1130847
634975 
63549 1105344
636098 
636500 
636511 
6378 1122425 1129208 28473
63812 1105360 1121057 1125393
63832 
63835 1110531 95586
6385 1103162 1129243 17476 28473 55968 6378 682666 892139
63915 145215 38000 6935 6939
63931 1117786 136766 136768 13717 6939
640617 259702
641956 1131149 1131150
641976 1131150 672070 672071
642593 1131163
642621 1131164 1131258 16819
642641 645084
642681 1131167 1131236 644093 644334 644441 646286
64271 1152244 38829 73327 91852 95188
642798 1131172 644470
642827 
642847 642681
642894 1131180 1131236 1131301 1131312 1131335 642798 643239 643485 645046 645870 646286 646334 646357
642920 1131184 642930
642930 1131184
643003 1131189
643069 1131192
64319 111866 249858
643199 1131198
643221 1131236 1131257 1131305 1131312 1131334 1131335 126927 16819 642894 643239 643485 644093 644448 644577 645897 646286
643239 1131312 1131334 126927 16819 643221 644093
643485 643221
643597 
643695 1154068 643597
643734 643777
643735 643734
643777 
644093 1131236
644334 
644361 645016
644363 645016
644427 1131257 644577
644441 1131258 644334
644448 1131258 1131314 644470 644494
644470 
644494 1131314 644470
644577 1131301 1131305 1131334 643485 645897
64484 1105394
644843 1131274 645016
645016 1154071
645046 1131301 646334 646357
645084 1131277
645088 1131277 645084
64519 154134 37483 63835
645452 645016
645571 645897
645870 1131301 644494
645897 126927
646195 
646286 6913
646289 6913
646334 646357
646357 646334
646412 1131330
646440 
646809 1131374 1154076 646913
646836 
646837 
646900 1131359 1131360 1132731 646913
646913 1131359 647413
647315 1154076
647408 
647413 
647447 577331
648106 1131421 648112
648112 1131420 1131421 648106 648121
648121 1131420 648106
648232 567005
648369 1131414
649730 1131464
649731 1131464 123825
649739 1131464
649944 
65057 1125909 134307 519353 74698
65074 1110209 1117920 134307 134316 142268 23070 65057 714748 74698 87915
650807 1131549 1131565
650814 1131550
650834 
65212 1105433 1154042 23116
653441 1134346 189774
653628 1133930
6539 1102646
654177 1131728
654326 1131741 654339
654339 1131741 654326
654519 1131754
656048 1131828
656231 103531
65650 1105450 1118764 309476 5038
65653 1105450 1112319
662250 1132073
662279 
662416 1123188
662572 431206
6639 116084 178209 568045 591017
66556 1129778 141324 54131 593859 66563
66563 1123530 96845
66564 141324 593859 593942 66563
66594 8821
66596 362926 8821
66751 1135750 1138043 573535 693143 695284
66782 1105505 51834
66794 1102646 1105505 1153031
66805 509315 82090
66809 82090
66982 39210
66986 39210
66990 1117501 1152490 1153861 390889 39210
671052 1132406
671269 1132418 1132443 1132461 1154123 1154124
671293 1132443
672064 6130
672070 1132443 1154123 1154124 6130 672071
672071 1132443 1132461 6130 672070
67245 31769 67246
67246 31769
67292 1105530
6741 1130637 1153160 348437 411092 417017 49895 51909 83725 9708
67415 1110256 1135746 12195 164 171954 38722 51180
675649 1132505
675756 1132505 675649
67584 1127558 1127566 562067
675847 1132505
67633 1114777 55801
6767 1106103 1114864 1120444 235776 6334 6925 69397
6771 65653
6775 1111240 350319
6782 1123068 463825
6784 100961 1116629 350319 35797 560936 562123 60170 6775
6786 1106789 714975
68115 47684
6814 1117348 1125469 158172 293974 300071 315266 37884 390896 445938
6818 1105531 1121254 1128425 293974 37884 390896 50336 50337
68224 1105574 1128425 1130680 582139
682508 1132857
682666 
682815 
683294 1132857 682508
683355 683404
683360 683404
683404 683355
684372 
684531 684372
68463 
68495 
684972 395547
684986 395553 684972
68505 
686015 
686030 
686061 
686532 
686559 
687401 273949
688361 
688824 1133008
688849 1133010
689152 289085
689439 
6898 1123188 124224 12631 431206 6910 78994
6910 1117219 1123188 1132083 1152150 1154103 169279 263553 431206 662416
6913 1105011 1116336 1131230 1135108 1152917 1717 428610 431206 4330 703953
6917 1153811 449841
69198 231198 411005 8581
6923 1155073 187354 20857 308003 6941 93923
6925 1114526 1118658 372862 57922 57948
69284 206371 69296
69296 206371
693143 573535 695284
6935 1000012 101660 1106388 1115670 1120650 18615 238099 308003
6939 1116922
69392 1132461
69397 
6941 372862
69418 
694759 
695284 
696342 
696343 1133428
696345 236759 2658 696342 696346
696346 
7022 
70281 1105672 1106630
7032 1109439 1110438 137873 323128 52847
703953 
7041 1120880
70441 
70442 1107215 70441
70444 1107215 1108329 128383 70441 70442
7047 1135082 14549 212930 2663 54844
70520 27631 36167
708945 
709113 1134031
709518 1134056
70970 1129683 593068 593329
711527 
711598 
711994 1134197
71336 1105718
714208 189774
714256 1154232 1154233 189572 714260 714748
714260 559804 714879
714289 1154230 1154232 189571 559804 714208
714748 
714879 
714975 
71736 1152259 1152991
71904 239800 95718
72056 1135122
72101 1118347
72406 1105764
7272 1136446 7276 7297 763181
7276 763181
72805 899085
72908 1127863 6923 93923 954315
7296 763181
7297 7276 763010 763181
73119 14429 14431
73146 1108389 116790 18774 35778
73162 1134320 1134348 189774 519353 521855 559804 653441 714260 714748 714879
733167 1154276
73323 1105810 28447
73327 1105810 1106236 1153166 1153724 1153728
733534 1135122 948147
733576 1135082
734406 1135115
735303 735311
735311 
73712 1112194 52003
737204 
738941 1135455 162080
739280 367312 746058
739707 950305
73972 50980
739816 1135894 1140543 1140548
7419 1105764 1107312 1109581 1113182 1117760 1118245 341188
7430 1153287 95586
7432 
74427 1106771 1116974 34257 34266 368605 87482
746058 367312
74698 134307 23070
74700 134307 23069
74749 10186 1113852 2354
74821 1120252 1131149 1131150
74920 1105877
74921 1105877
74937 1105877 74920 74921
74975 1107041 1128407 38845 38846 3932
75121 1105887 1106388 22431 417017
751408 1135899
752684 1135955
753047 1136631 1136634 753070 753264 753265 767763
753070 753047 753264 767763
75318 103430 1121569 141171
7532 1121603 1153097 141171 314459 7537 80515
753264 753047 767763
753265 753047
7537 1113534 1131348 1153097 141171 314459 409255 7532
754594 1136040
755082 1136393
755217 
756061 1136110 1136446 1136447
75674 1109957 686015
75691 
75693 214472
75694 214472
75695 1113035 1120059 139547 911198
75969 1105932 1128856 1128935 1153811 591017 592830
75972 1105932 1128935 592830
75983 1106568 1115790
762980 1136446 1136447
763009 1136446 1136447 1136449
763010 1136446 1136447 1136449 762980
763181 
767763 1136631
77108 1138043 77112
77112 
77438 106590 1129994 1152633 1153262 158172 293974 37888 589923 590022
77515 9513
77758 1129907 1131745 180373 25772 289885 294030 424 613409 910
77826 3112 470511
77829 3112 470511
779960 1137140
782486 
78508 1120138
78511 575402 735303 9586
78549 
78552 33818 78511 78557 9586
78555 1120138 33818 78557
78557 1120138 33818 78511 78549 9586
785678 
7867 1138027 315789
787016 573978
78994 662279 662572
79809 1121659 1131466 11342 1153275 31863 358866 79817 91581
79817 1131466
801170 
80491 314459 7532 80515
80515 1121603 314459
80656 13652 13654 13656
8079 105057 1103737 1121867 154982 192850 27250 39124
81350 1106172 892139
814836 1138619
815073 205196
815096 205196
81714 81722
81722 
817774 820661
820661 
820662 
82087 
82090 82087
82098 82087
8213 
8224 1108728 1110426 1111788 1128531 1132815 11342 1153148 1153866 133615 22431 22563 23738 263279 30895 368431 49843 49844 49847 55403 601567 62389 6311 65653 6639 97377
824245 1139009
82664 1106236 3097
82666 101143 1106236 3097
82920 1119708 1125492 1127913 1128198 1129367 1129683 1152358 1152421 1153280 1153943 1154459 259702 273152 307015 35 513189 573978 576691 608326 70970 81714 84021 98698
83449 218682 22869 22874
83461 954315
83725 12576 56112 56115 56119 62718
83746 294239
83826 1106287
83847 1106287 1117501 1130678 66986
84020 1106298 1106492
84021 1106298 1133047 18582 263279 415693 509233 98698
84459 
84695 
851968 1140231
85299 23258 299197 575292
853114 19621 853116 853155
853115 19621 853114 853116 853155
853116 19621 853155
853118 1140289
853150 
853155 853118
85324 299197 628751
85352 1114331 1127430 1129027 1152421 1153280 1153943 1154459 152483 561238 574462 576691 577086 593091 640617 66556 682815
854434 
85449 1120169 1152290
85452 1120169 1152290
85688 6539 75121 8224 8703 97892
8581 1120059 1132968 2665 75691 75695
8591 1154525 137956 167205 709113
8594 1132809 1154525 1213 180187 232605 58268 709113 8591
8617 1116268 12359 175291 36145 52784
8619 175291 36145
86258 1106418
86359 1133469 1152740 1152944 18834
86840 
8687 1102751 38000
86923 1114184 18532
8696 104840 1102751
8699 104840 1102751
8703 101145 104840 1102751 1105428 1119078 173884 27535 308232 353541 434 502574 51866 51909 59244 89335
87363 593328
87417 1128453 289779 289780 289781 801170
87482 34266
8766 409725
87915 1110209 1153786 142268 23070
8821 1102761 1153811
8832 1102761
88356 
884094 
8865 103515 1129570 395075 608292 647408 785678 8875
887 10796 1105033 1111304 1112911 1113614 114308 12576 134128 161221 170798 17476 19045 20972 265203 28456 299195 299197 334153 35490 38205 595056 6151 6213 6215 64519 87363 976334
8872 1104647 1125092 1152761 1153860 197054 229635 395075 8875
8874 1120643 1153816 395075 608292 646809 647447 8875
8875 1129570 1152676 18582 395075 608292
892139 
89308 101145 103528
89335 59244
89416 1106546 1153024 137130 506 65074
89547 1112319 1116328 1132385 1152379 237376 28471 45188 45189 66805 6771 91975 976284
8961 1103610 1133390
899085 
899119 
90470 106590 1129994
906 1103979 1105344 1114352 1136397 1140040 34355 910
90655 1122642 34263
907845 
90888 1113934 13885 340075
910 1104379 1105344 1105530 1108834 1110520 1114118 1116569 1118848 1120858 1122460 1126044 1129111 1135137 1140040 1152194 12439 12946 131042 13136 160705 227286 242637 28278 31043 340075 340078 34355 35905 42847 436796 48550 5462 576257 58552 5869 636511 67292 675649 684372 755217 94953
91038 52515
911198 
91581 31863 358894
917493 
91852 20178
91853 1110579 1116397 1116410 20178
91975 1113459
919885 
92065 1106671
92589 1131137 173884 39165
928873 
93273 248119 989397
93318 1126050
93320 
93555 1152958 119761 143801 284023 284025
936 1107010 1111899 129558 1956 207395 3084 3828 38845
93755 175576
93923 6941
940 20180 28265 3828
941 129558 20180 28265 3828 940
94229 1111733 1123087
943 1152896 3828 91852
943087 
94416 1106764
94639 141324 593105 593813 593859 593942 62634
94641 1102550 1129018 1153897 116553 594387 62634
94713 
948147 
948299 
948846 
949217 
949318 
949511 
94953 
950052 
950305 
950986 
9513 102879
9515 102879 4804 9513
95188 1110579 1116410
95198 1110579
95225 42207
954315 1155073
95435 
95579 
95586 95589
95588 95579
95589 
9559 1102794 252725
95594 1153287 7430 95589
95597 95579
95642 1107367 28447 990075
95718 32698
95719 32698
9581 1130780 633585
9586 1120138 33818
96335 
964248 
96845 
96847 594025
96851 594387 96847
9708 1130539 1153003 136766 136768 181782
9716 1153262 28674 6539
97377 211432 3240 39130
97390 100935 1152358 1153943 33907 98693
975567 
976284 
976334 
97645 33907 593091
97892 
98693 1152358 575331
98698 84021
987188 
987197 
989397 
990075 
99023 578306 578309 578347
99025 
99030 578337
