#e:\pyvenv\block_lda\lib\site-packages\ipykernel_launcher.py -f C:\Users\song\AppData\Roaming\jupyter\runtime\kernel-0515f025-563a-48f4-aab0-571ef602f76b.json
# GMT Fri Jul 24 08:22:35 2020
# 
1 1254 1852 2399
1254 249 1255
1852
2399
249
1255 249
2 172
172
3 411 709
411
709
4 2144
2144 1782
1782 2143
5 6 2134
6
2134
7 8
8 260 752 1529
260
752
1529
9 175
175
10 175
11 174 455 761 1116 1180 1308 1319 1442 1635 1760 1763 1909 1989 2223 2229 2230 2236 2441 2586
174
455
761 2608
1116 11
1180 396 777 1635 1636 1763 2010
1308
1319
1442
1635 39 80 153 154 174 289 321 463 519 640 823 1148 1195 1281 1308 1426 1442 1453 1641 1648 1759 1760 1874 1909 2223 2229 2230 2236 2343 2388 2599 2606
1760 174 2608
1763 153 651 1635 2223
1909 1641 2343
1989
2223 174 331 776 783 806 823 833 1281 1308 1635 1845 1874 2388
2229
2230 1940 2565 2687
2236
2441
2586 403 775
2608
396
777
1636
2010 349 383 777 1397 1707
39
80
153
154
289
321
463
519
640
823
1148 442
1195 401 1745
1281
1426 1538 1745
1453 306
1641 2686
1648
1759
1874
2343 2606
2388
2599 39 79
2606 80 839
651
331
776
783
806
833
1845
1940 464
2565 2671
2687
403
775
12 16
16 2595
2595
13 11 267 924 925 927 945 1101 1133 1422 1495 1896 2363 2389 2392 2667
267
924 376 388 2389
925 484 917 926 1133 1496 2670
927 267 921 1896 2069 2159 2363 2523
945 196 1440
1101 11 13 99 190 308 821 924 935 1177 1315 1331 1339 1700 1805 2069 2523 2619 2666 2667
1133
1422 376
1495 376 945 1422
1896 22 198 267 827 921 927 1112 1133 1440 1857 2392 2523 2695 2703
2363 230 721 923 1133 1162 1746 1947
2389
2392
2667 21 1896 2666
376 1422
388
484
917 926 1085
926 388 930
1496 367 925
2670 1813
921 46 158 351 377 824 918 928 1106 1112 1339 1540 1541 1542 1591 1628 1825 1885 1922 2333 2655
2069 308 375 2067
2159 190 928 1496 1542 1743
2523 2666
196
1440 196 228 423 1743
99
190
308
821
935 14 99 181 646 917 923 925 927 1093 1113 1135 1299 1300 1496 1896 2159 2326 2363 2389
1177
1315 256
1331 263
1339 930 1112
1700
1805 2651
2619 263 332 663 779 1389 1530 1856 1857 2348 2370 2635 2695
2666 21
22 2666
198
827
1112 1339
1857 131 156 663 1246 1247 1486 1856 2695
2695
2703
230
721
923 181 189 260 646 662 918 1746 1947
1162 230 722 747 2554
1746 149 721 1922 1947 2333 2546
1947 181 923 935 1923
21 2666
14 10 813 1089 2414
813
1089 322
2414 0 9 155 322 412 1207 1394 1581
322
0
155
412
1207 0 1885 2071
1394 496
1581
15 16 37 201 243 300 413 1445 1891 1985 2239
37 413 1592
201
243
300
413
1445 300
1891 1742
1985 1995
2239 436 549 1531
1592 67 68 1337 2564
1742 1480
1995 18 360 1433 1655 2525
436
549
1531
17 1939
1939
20 27 75 125 567 857
27 857
75
125
567
857
23 1060
1060 23
24 23 1060
26 27 173
173
28 863 2498
863
2498 28 430 1051
430
1051 430
29 303 382 539 1489 1490
303
382
539
1489 245 539 766 1220
1490 766
245
766
1220 245
30 27 173 235
235
31 285 499 510 566 841 1413 1868 1982 2039
285
499
510
566
841
1413 285 891
1868 449
1982 537 850 1052 1407 1867 1868 2062 2115 2117 2137 2341
2039 566
891 1413
449
537
850
1052 278 1925
1407 1868
1867 449
2062
2115
2117 541 849
2137 2687
2341 449 2687
32 33 178
33 178
178
34 178 2331
2331 658
658
35 957
957 36 2352
36 957 960
2352 354 784 843 1755 1766
960 36 958 2272 2292 2294
958 36 960 2292
2272 614
2292 960
2294 2406
67 68 69
68 67 69
1337 1356
2564 1337 1355 1356
38 90 454 1307 1350 1802 2600
90
454 428 651 1056 1073 2327
1307 312 1992
1350 38 90
1802 202 282 967
2600 6 39 79 129 381 1168 1493 1583 1694 1836 1918 1951 1953 2088 2617
428
1056 1826
1073 1056 1826 2327
2327 651
312
1992 1307
202
282
967 202
79
129
381
1168
1493 257 1025 1168 1583 1684
1583
1694
1836 1466
1918
1951 381 1359 1493 1684
1953 129 1168 1918
2088
2617 2088
42 82 189 554 581 1258 1606 1607 1608 1717 1839 2396
82
189
554
581
1258 459 559 1328 1623
1606 554 1607 2396
1607 2396
1608 42 48 189 451 459 554 561 721 768 773 800 1258 1546 1606 1607 1622 1839 2396 2397
1717 515 912 1230
1839 554 1607 2396
2396
459
559
1328 1623
1623 1258
48
451
561
768
773
800
1546
1622 459 559 1258 1623
2397
515
912
1230 570 693
43 1254 1488 1552
1488 316
1552 2402
316
2402 1552
44 1254 1255
45 251
251
49 64 570
64
570
50 395
395
52 53 1753
53
1753 52 53
54 185 415
185
415
56 243 290 717 819 1194 1313 1588 1602 1808 1883 2142 2182 2599 2642
290
717
819
1194 1195
1313
1588 774 790 875 1069 1589
1602
1808
1883
2142
2182
2642
774
790
875
1069 298
1589
57 15 56 878 1208 1286 1323 1427 1836 2141 2600 2698
878
1208 815 1207 1885
1286 207 312 335 343 384 500 583 584 745 771 845 846 847 1067 1585 1594 1774 1931 2018 2019 2020 2634
1323
1427 2141
2141
2698
815
1885 1207 1825 1922 2071
207
335
343
384
500
583
584
745
771
845
846
847
1067 2230
1585 1118 1343 1594 1774 1931 2564
1594
1774 712 854
1931 410 1505 1932 1933 1963
2018
2019 1585 2020
2020 1585
2634 240 335 336 1283
1466 2493
58 186 511 841 851 1518 2057 2058 2059 2064
186
511
851
1518 58
2057
2058 509 511 851 852 2057 2059
2059
2064 2058
509
852
59 60 64 1124 1599
60 59 64
1124 1599 2383
1599 1124
2383 2385
61 59 60 467 693 2347
467
693
2347 78 132 811
78
132
811
62 59 1124 1599 2385
2385 2383
63 1031
1031 318 1165
318
1165 318 1506
65 83 1379
83
1379 217 1027 1095 1333 1378 2315 2642
217
1027 237 1735 1736
1095 217 1379
1333
1378 1203 1379
2315 638 939
66 778 1548
778
1548 453 590 591 1803 1926 2231 2232 2233 2234 2308
453
590
591
1803 1432
1926 634 832 864 2049 2300 2301 2304 2307 2308
2231 2234
2232 2234
2233 590
2234
2308 2049
69
216 1765
1765 1766 2350 2352
1766 2350 2351
2350 1766
313 568 650 1251 1431
568
650
1251 568
1431
341 2616
2616 6 32
357 390
390
421 312
1826
498 409
409
674 699
699 674 1318 1589 1840 1855
1318
1840 159 1303 1898
1855
696 493 672 828 1306 1332 1691 1914 1986 2073
493
672
828
1306
1332 1100
1691
1914 155 1915 1916
1986 2073
2073 1986
1100
1915 496
1916 1915
697 507
507
159
1303 1898
1898
705 1873 2333 2539
1873
2333 131 377 1591 1922
2539 432 639 705 829 1618 1702 2540 2631
131
377
1591
1922
432
639
829
1618 1705 2631
1702 1705 2539
2540 639
2631 1618 1705
753 88 128 148 149 157 187 246 293 362 368 371 404 479 940 964 977 1021 1243 1252 1372 1508 1516 1519 1522 1530 1532 1671 1741 1768 1836 1993 2079 2166 2170 2174 2183 2282 2482 2505 2558 2635 2696
88
128
148
149
157
187
246
293
362
368
371
404
479
940 2167 2183 2184
964 293 1293 1768 2635
977 1039 1678 1768
1021 1372
1243
1252 248 2165
1372 146 1151 1200
1508 1293 2169
1516 161 183 968 1035 1586 1748 2021 2024
1519 225 279 550 986 1402 1508 1671 2176 2183 2204 2205 2673
1522 180
1530 2635
1532 1151 1372
1671 362 2380
1741 102
1768 977
1993 2615
2079 1197
2166 479
2170
2174 414 812 1522 2079 2546 2696
2183 1003 2167 2184
2282 128
2482
2505
2558
2635 279
2696
2167 170 246 284 977 1003 1295 1507 2688
2184 1522 1678 2167
1293 88 365
1039
1678
248
2165 1573
146
1151
1200 146
2169 157 310 577 1158 1293 2480
161
183
968 1748
1035
1586
1748 968
2021 494
2024 532 1223 1516 1586 1804
225
279
550
986 1164 2505
1402 279
2176 414
2204 2205
2205
2673
180
2380
102
2615
1197
414
812
2546 149 2615
1003 277 283 358
762 2242
2242 237 2674
237
2674 2676
763 462
462
764 192
192
883 974
974
884 886 1501
886
1501
885 886 1262 2025 2513
1262 2025
2025
2513 145 528 2090
145
528
2090 528
887 193
193
888 233 1437 1641
233
1437 113 145 439 485 1279 2247
113
439
485
1279 73 205 218 219 976 1103 1638 1912 2428
2247 599 600
2686
889 509 511 891 1413 2057 2059
890 891 1413
892 1678
893 221 1087 1171 1233 1301 1507 1515 1522 1530 1649 1650 1671 1741 1768 2170 2178 2507
221
1087 2083
1171 87 120 436 549 1158 1529 1650 2380 2615
1233 1087
1301
1507 310 508 1645
1515 180
1649 368
1650
2178 141 149 214 326 479 580 794 940 1039 1087 1224 1372 1499 1515 1528 1678 1741 1781 2166 2173 2174 2179 2184 2203 2239 2642 2676 2698
2507 225 2393
2083 2084
87
120
1158
310
508
1645
141
214
326
580
794
1224 2203
1499 1294 1511 1993
1528 184 409 1259
1781 414
2173 65 140 414 732 1025 1499 1634 1781
2179 404 2184
2203 580 1224
2676
2393
894 1518
895 894
896 317 1749 2633 2668
317
1749 171 335 771
2633 1283
2668 240 336
171
1283 1749 2253 2634
240
336
898 899 1364
899 1364
1364 899
900 902
902
901 902
904 199 433
199
433
906 220 327 2701
220
327
2701
907 1275 2701
1275 1238
1238
908 292
292
909 1061 1525
1061 1525
1525 909 2659
2659
913 758
758
914 223 758
223
915 881 1798 2604
881
1798
2604 1798
916 484
1085
930 388 1085
918 189 260
919 388 1872 2703
1872 1133
920 780
780
46
158
351
824
928 918
1106 1107
1540 1632
1541 46 1542
1542
1628 348
1825
2655
1107 1106 1112
1632 2185 2655
348
2071 516
922 1477
1477 1085 1414
1414
181
646
662
1923 2185
367
1813 1339
375
2067 375 2069
1743
929 8 189 260 918
932 54 415 784 843 1110 1326 1773 1784 2659
784
843
1110 784 843 1755 1772
1326 1274
1773 1772 2390
1784 415 2352
1755
1772
1274
2390 1772
933 565 1135 1137 1139 1774 2050
565
1135 902
1137 563
1139 1138
2050 2440
563
1138 114 316 481 1139 1488
712
854
2440
934 1135 2454
2454 372
372
1093 752 1092 2702
1113 2326
1299 196 367 429 917 926 930 945 1300 1440 1813 2670
1300 196 429 916 917 926 930 1299 1813 2670
2326 78
1092 71
2702
429
936 1050 1081 1921
1050 224 630 996 2632
1081 249 1458
1921 936 1081 1553
224
630
996 43 399
2632
1458 824
1553 2402
937 647 1135 1404
647
1404 281
281
938 23 71 148 1060
71
939 638 647 876 1377 1822 1852 2314 2316
638
876
1377
1822 107
2314 638
2316 638
107
170
284
1295 88 170 187 246 1393 2432 2480
2688 2119
941 1155 2404
1155 660 865
2404 445 941 951 1830 2405 2538
660
865
445
951 445 767 865 952 2337 2404 2405 2538
1830 2338
2405 350 445 660 767 865 1155 1457 1830 2337
2538 2336 2338
942 1950
1950
943 40 1636 1668
40
1668 2639 2659
2639
944 71 99 1813 2050 2159
228
423
946 197
197
947 394 453 477 478 1234
394
477
478
1234 557
557
949 51 118 124 191 560 961 1011 1363 1517 1804 1997 1999 2024 2035 2040 2200 2241 2566 2614
51
118
124
191
560
961 201 1804 2035
1011 124 1804 2035
1363
1517 118 191 1516 1586 2024 2241
1804
1997 118 191 961 1998 1999 2241 2566
1999 118 124 961 2241
2035
2040 534 2130
2200 961
2241
2566 949 1997 1998 1999 2200
2614 558 791 1206 1770 2153
1998 118 191 560 961 1011 1999 2200 2230 2241 2411
532
1223 794 803 1222
534
2130
558
791
1206
1770
2153
767
952 445 909 1457 1834 2337 2404 2405
2337 445
1457 350 2337 2405
1834 93 94 109 210 216 218 233 274 301 669 670 711 730 731 802 902 910 911 972 1033 1090 1151 1161 1574 1646 1648 1698 1732 1755 1773 1824 1833 1876 2391 2416 2419 2501 2659
350
2336
2338 1830
93
94
109
210
218
274
301
669
670
711
730
731
802
910
911
972
1033
1090 416
1161 318 333 711 1923 2465
1574
1646 1161 2419
1698 4 41 245 340 533 1220 1782 2144 2145 2199
1732 1575
1824
1833 45 242 251 1511 1772 1876 1946
1876 1484
2391 1773 2390
2416 670
2419
2501 2496
953 619 1152
619
1152 772 807 2261
772
807
2261 609
954 200
200
955 200 954
956 36
354
959 36 956
614
2406 119 333 613 711 802 1161 1824 1830 1834 2429
962 77 196 420 454 455 507 549 714 717 1113 1207 1246 1298 1432 1479 1527 1588 1589 1845 1961 1974 1989 1996 2086 2236 2334 2407 2409 2586 2587 2646 2698
77
420
714
1246
1298
1432 58 1845
1479 1381
1527 320
1961 474
1974 321
1996 2015 2631
2086 524 2087
2334 131 263
2407 839 1853
2409 882 1210 1309 1581 2418 2646
2587 2326 2493 2559 2600 2698
2646 2418
1381
320
474
2015 1996
524
2087 524
263
839
1853 444
882
1210 359 496 1724
1309 497 882
2418 1724
2493 144 155 1347 1808
2559 209 232 254 518 678 705 819 844 1000 1347 1348 1390 1453 1588 1720 1914 1915 1916 1990 2142 2190 2215 2334 2339 2692
963 302 1406
302
1406
365
966 965
965
969 203 426 970
203
426
970 203 426
971 2626
2626
978 2622
2622
979 1788
1788 104
104
980 1091 1324
1091
1324
981 1324
982 1799
1799
983 1799
984 1799
985 364 1126
364
1126
1164 788 827 1202 1649 2672
788
1202 2672
2672
987 180 414 2505
988 123 989
123
989 123 984
990 123 984 989 1158 1327 1703 1799
1327
1703 1705
1705
991 766 984
992 1171
993 1861 1904 2108
1861
1904 111 2129
2108
111
2129
994 2421
2421
995 224 998 1046
998 793
1046
793
399
997 43 399 998
999 793 998
1000 518 844 1990
518
844
1990 518
1001 206
206
1002 1899
1899
277
283
358
1004 299 1142 1851
299
1142 1851
1851 1142
1005 259 1851 1927 2550
259
1927 832 1665 2302
2550 2551
832
1665 95 238
2302
2551
1006 1009
1009 361 1057
361
1057 229 361 1009
1007 328 1009
328
1008 1365
1365 1366 2486
1366 328 1006 1009 2485 2605
2486 1006 1365
229
1010 1365
1012 685 720 913 1391 2588
685
720
1391 400 1465
2588 400 684 1465 2508 2511
400
1465 135 275 319 441 585 589 645 671 683 684 1291 1368 1391 1463 1771 1837 2052 2053 2054 2055 2070 2211 2214 2424 2425 2494 2516 2705
684
2508
2511 275 400 1038 2630
1013 2407
1014 1013 1853 2407
444
1015 208
208
1016 25 72 121 151 195 234 245 291 294 301 303 309 334 339 356 382 406 418 521 555 580 649 654 655 682 684 715 718 732 733 766 796 868 913 1044 1111 1128 1160 1203 1220 1224 1354 1377 1378 1379 1392 1468 1651 1667 1669 1779 1838 1908 1996 2015 2203 2312 2315 2416 2457 2461 2524 2528 2568 2575 2580 2627 2643 2657 2658 2660 2661 2663 2664
25
72
121
151
195
234
291
294
309
334
339
356
406
418
521
555
649
654
655
682
715
718
732
733
796
868
1044 211 239
1111 363
1128 853
1160
1203 1160 1651
1354 239 1779
1392 1465
1468 309
1651 1203 1378
1667
1669 2483
1779
1838
1908 264 1334 2214 2461
2312 2021
2457 2518
2461 2457 2517 2518
2524 569 654 1194 1437 1559 1565 1818 2162 2628
2528
2568 151
2575 1372 1574 2037
2580
2627 290 1036 1667
2643 804 909 1061 1524 1525
2657
2658
2660
2661
2663
2664
211
239
363
853
2483 166 346 1672 1674 1721 2603
264
1334 264
2214
2518
2517 734 735 736 2515
569
1559 324 1312
1565 1312
1818 714 1336 1894
2162 569
2628 107 126 133 210 236 292 338 379 417 437 481 548 715 754 770 943 972 979 985 1126 1353 1404 1515 1596 1667 1668 1677 1706 1822 1838 1900 1987 2041 2080 2081 2238 2361 2364 2386 2505 2662
2037 652 748
1036 107 1037 1596 1822 2572
804
1524 804 805 909 1680
1017 1018 1019 2567
1018 327 907 2567 2701
1019 408
2567 1568
408
1568
1020 327 408 907 1019 1275 1568 2701
1022 1683
1683
1023 1022 1683
1024 1022
1025 183 408 962 1035
1026 1366 2319
2319 229 361 1006 1009 1057 1366 2318 2448 2485 2605
2485 1006 1366
2605 229 838 1057 1366
2318 472 1006 1956 2485
2448
1735
1736
1028 209 369 817 820
209
369
817
820
1029 209 1726 2585
1726 382 1447
2585 403 775
1447 303
1030 16 288 966 1380 2487
288
1380 16 177 288 576 1100 1791 2487
2487 16 288 1380
177
576
1791 105 666 776 783 806 833 1549 1909 2355
1506 318
1032 226 621 622 861 2255 2631
226
621
622
861
2255
1034 978
1037 398
1596
2572
398
1040 1039
1041 482 1295
482
1393 157 187 2482
2432 179 2431
2480 141 180 221 277 358 368 1671
1042 210
1043 1685
1685 99 158 1043
1045 2595
1047 393 778 781 830 877 1054 1666 1843 2301 2693 2699
393
781
830
877
1054 393
1666 95 701 740 2099 2114
1843 506
2301
2693 3 778 856 1666 2699
2699 778 2038
95
701
740
2099 2107
2114
506
856
2038
1048 84
84
1049 84 2261
609
278
1925 634 832 864
634
864
1053 393 1690 1783 2037 2152 2439 2530
1690 278 795 842 1070 1316 1344 1401 1456 1863 1904 1924 2381
1783 212 305 890
2152 2439
2439 565 2098 2110
2530 2039 2471 2684
795
842
1070 273 534 540 729 1344 2130
1316 353 501 564 1276 1487 1686 1738 2026 2036 2131 2137 2550 2611
1344 89 186 273 512 1070 1238 1345 1407 1869 2101 2132
1401 278 1863 1924 2322
1456 795 842
1863 26 30 648 1062 1240 1401 1924 2381 2694
1924
2381
212
305
652
748
2098
2110 2601
2471 2472
2684 402 1662
1055 1788
1058 576 1100 1332 1584 2571
1584 178 1433 1655
2571 152 689 1206 1453 1803 1938 2700
1433 1655
1655
152
689
1938
2700 2571
1059 270
270
1062 641
641
1063 85 96 1064 1066 1670 2462
85
96
1064 85 96 386 1066 1670 2462
1066 85
1670 96 386
2462 1064 1066
386
1065 85 96 386 1064 1066 1670 2462
1068 1340 1634
1340 266 495 1419 2022
1634 1 41 95 140 162 199 210 217 272 460 470 480 521 525 592 593 595 649 655 666 757 774 790 868 875 904 995 1111 1136 1229 1378 1425 1426 1476 1499 1615 1657 1693 1701 1708 1758 1775 1844 1852 1900 1908 1972 2188 2248 2328 2426 2454 2555 2557 2568 2627 2636 2637 2657 2661 2685
266
495
1419 495 2022
2022 495
41
140
162
272
460
470
480
525
592
593
595
666
757
1136 136
1229
1425 774 790 875 1426 1476 2685
1476 1194 1426 1693 2685
1615 2359 2360
1657 942 1319 1681
1693 371
1701 1002 1314 1520
1708 122 759 768 773 800 1256 1756 1757 1758 1775 1919 1920 2350
1758
1775
1844 861 2405
1900 997 1353
1972 1576 1765 1849
2188 2187
2248 600 2357 2358
2328 653 2329
2426
2555
2557 2555
2636
2637 164
2685
298
273
540
729
89
512
1345 89 186 512 2132
1869 449 2105
2101
2132
1071 971 2248
600
2357 668 866 867 2160 2358
2358 668 670 2160 2357
1072 271 666 1787
271
1787 104 271
1074 86 315 396 1398
86
315
1398
1075 86 145 777 2010 2090 2150
2150 2229
349
383
1397 1707
1707
1076 1566 2317
1566 2317
2317
1077 831 2481 2676
831
2481 831 2674
1078 86 1079
1079 86 2090
1080 213 667 2237
213
667
2237
1082 76 146 201 252 290 315 349 387 410 848 1039 1281 1780 1906 1963 1966
76
252
387
410
848
1780
1906 76
1963 1966
1966 476
476
1083 214 540
1084 215 597
215
597
1086 446
446
2084
1088 1436 2436
1436 210 379 731 850 1080 1289 2364 2628
2436
379
1289 352 443 866 867 1068 1404 1789 2267 2356
2364 673
416
1094 2075 2099
2075
2107
1096 612 1841 2002 2003 2005 2006 2007 2009 2286
612
1841 2290
2002 1096
2003 2004 2299
2005 612
2006 2003 2004
2007 2006
2009 1096 2002
2286 621
2290 2292
2004 2003
2299
1097 279
1098 261 698 1099
261
698
1099 261 698 1098
256
2651
332
663
779
1389
1856 594 1246 1688 1857 2695
2348 1939 2556
2370 2334
1102 1700
1103 434 593 595 596 688 976
434
596
688
976
1104 1777 2596
1777 412
2596 79 1736
1108 948
948
1109 221
1115 1848
1848 1613
1613
1117 495
1118 227 373 786 848 1119 1178 1343
227
373
786
1119 329 373
1178 498 848 1343
1343 848
329
1120 792 1121 1403
792
1121 792 1403
1403 792 1121
1122 1114 1229 1587 2450
1114
1587
2450
1123 487 1114 1621 1970 2324 2447
487
1621 44 975 1600 1620 1816 1937 2001 2255
1970 2450
2324 707 1235
2447 872 873 1226 1994 2444
975
1600
1620 44 167 487 618 975 976 1033 1131 1587 1600 1621 1816 1937 2001 2255
1816
1937 63 139 975 1031 1619 1620 1695 1816 1841 2001 2539
2001 2255
707
1235 707 2449
872
873
1226 873 1227 1967 2448
1994 2324 2447
2444 1235
1125 134 603 1114 1226 1227 1229 1587 1620 1621 1970 2255
134
603
1227 708
1967 1956
708
167
618
1131 905 1764 1946 1977 1978
1127 523 2512
523
2512 145 524 528 839 2087 2090
1129 222 1130 2474
222
1130 222 716 1129 2477
2474
716
2477 2664
905
1764 598 905 1760
1946
1977 1978
1978 1977
598
1132 223
1134 1091 1137 1139 1774 1827 1949
1827 963
1949
136
114
481
1140 443 563 937 1139
443
1141 43 114 136 224 399 443 934 1544
1544
1143 395
1144 227 373
1145 228 423 1440
442
1149 604 614 620 625 953 2260 2261 2264 2272 2273 2293 2294
604
620
625
2260 608
2264 614 615 624 625 628 629 960 1149 2257 2265 2266 2272 2278 2281 2292 2294
2273
2293
608
615
624
628
629
2257 606 614 623 625 629 2254 2265 2266 2285 2291 2294 2296 2297
2265 625 628 960 1149 2264 2272
2266 2264
2278 616 626 2279 2280
2281 623 624 628 2266 2292
1150 2594
2594 695 794 803 1223
695
803
1153 98 633 691 701 740 814 1094 1157 1769 1843 2044 2307 2411 2420 2571
98
633
691
814
1157 1769
1769 1157
2044 2045
2307
2411 1302 2412
2420
2045 503
1302 2412
2412 1302
1156 660 865
1159 2332
2332 34
333
2465 876
2185 1632 1923 2655
722
747
2554
1163 177 368 478 1164 1202 1649 2672
1166 1844
1167 892
1169 1579 2238
1579 1538 2436
2238
1538
1170 1169 2238
1172 87
1173 87
1174 411 690 2381
690
1175 1973
1973 116
116
1176 43 399 2402 2497
2497 2496 2500 2519
2496 737 738 2497 2500 2501 2519
2500 2496 2519
2519 737
1179 1933
1933 410 1742 1932
1932 410 424 547 1480 1505 1742 1933
1181 235
1182 235 2075
1183 176 2230
176
1184 0 885 1262 2025 2513
1185 1412
1412
1186 1698
340
533
2145 1782
2199 2630
1187 238 2412
238
1188 238
1189 239 480 1044
1190 430 798 1051 1819
798
1819 1901
1901 997 1900
1191 1051
1192 650
1193 241
241
401
1745 401
1196 306
306
1198 1272
1272 461
461
1199 642 1272 2321
642
2321 642
1201 1419
1204 2597
2597 295 1204
295
1205 169 1819 2597
169
516
1209 244
244
359
496
1724
1211 1555 1977 1978
1555 465 473
465
473
1212 1147 2608
1147
1213 2463
2463 204 892 1213 1697
204
1697 59 62 204 467 1244 1954 2463
1214 35 270 892 1167 1213 1650 1678 1848 1946 2347 2463 2540 2655
1215 198 1216 2595
1216
1217 156 270 1310
156
1310
1218 1310 1945
1945
1219 109 1310
1221 436 1222 2380 2546
1222
1225 809 1236 1600 1719 2623
809
1236 557 570 2383 2385
1719 204 977 1236 1733 2083 2084
2623 49 570
1733 204 467 788 1564 2522
1956 472
1228 452
452
1231 2383
1232 1994 2446 2448
2446 1994 2449
2449
1237 2105 2109 2110 2601
2105
2109 2601
2601 2109
1239 306 1238 1275
1240 1062 1199
1242 1241 2436
1241
1244 204 221
1245 190 836 974 1208 1590 2395
836
1590 974
2395
1247 1486
1486 1247
1248 247 304
247
304
1249 568 650 1251 2158
2158 650 1249
1250 568 650 1249 1251 2158
1573
1253 249
1256 481 1758
1257 525 559 879 950 1328 1622 2017
879
950
2017 559 1622
1259 1418
1418 2380
1260 969 1595
1595 67 68 69 2431
2431
1261 1592
1263 179 255 1260 1595
179
255
1264 822 834 835 1260
822
834
835
1265 251
1266 68 231 463 1267
231
1267 5 255 370 817 820 1196 1455 2564
370
1455 307
307
1355 1358
1356 1358
1268 533 1237 1730 2105 2381
1730 559
1269 5 799 835 1159 1304 1593 1597 1750 2467 2561
799
1304
1593 150 970 1260 1263 1595
1597 1750
1750 1597
2467 142 150 822 834 835
2561 150 1593
150
142
1270 151 294 305 481 522 638 710 715 939 1203 1377 1401 1651 1822 1908 2173 2188 2210 2214 2314 2316 2352 2386 2457 2461 2516 2568 2578 2656 2657 2663
522
710
2210 2207
2386
2516 734 735 736
2578 1270 2581
2656
2322
2187
2207
734
735
736
2581 2579
1271 984 1396 1647 1787 2681
1396 2681
1647 2682
2681 1647
2682 1647
1273 723 1818
723
1336
1894
1276 282 576 799 1584 2611
2611 56 120 251 273 283 762 949 1003 1128 1159 1171 1237 1314 1460 1529 1573 1574 1658 1696 1738 2129 2164 2177 2179 2288 2601 2696
1314 330
1460 2594
1658 355
1696 100 336 2253 2668
1738 58 540 562 855 895 2092 2093 2097 2129 2149 2156
2164 161 183 577 1035 1252 2165 2166 2177 2178
2177 56 88 141 157 161 170 183 187 202 225 246 248 251 277 279 283 334 358 362 398 436 450 508 546 550 577 940 949 964 986 1003 1035 1039 1097 1128 1164 1252 1265 1293 1295 1335 1393 1402 1507 1508 1515 1519 1530 1532 1562 1573 1574 1694 1701 1741 1781 1836 1993 2079 2129 2164 2166 2167 2173 2176 2178 2179 2183 2184 2204 2205 2209 2356 2480 2505 2635
2288 1100 1725 2242
1277 835 2467
1278 1874
73
205
219
1638 94 297 466 1247 1279 1486 1940 2343 2695
1912 1638 1873
2428 218 233 1033 1636 1975
297
466
1975 640 839
1280 73 442 640 1760 2370
1282 2269
2269 2271
2271
2253 771 1749 2467 2633 2668
1284 1283 2633 2634 2668
1285 2634 2650
2650 799 1739 2633
1739 799 1267 1304 1597
1505 1932 1933
1287 324 1849
324
1849
1288 1849
352
866
867
1789 897
2267
2356 2160
897
2160 670 866 867 2354 2367
1290 338
338
1291 684 2054 2707
2054 671 1388 2424 2425 2705
2707 2054
671
1388
2424 1388 1463 2422 2425
2425
2705 2052 2053 2055
1292 274 578 579 2206 2207 2208 2549 2665
578
579
2206 2207 2665
2208
2549 1292
2665
1294 88 93 174
1296 168 254 378 1297 1298 1387 1753 2215
168
254
378
1297 1298
1387
2215 315 323 1387 2417
323
2417
1305 496 1724
497
1311 324 337 1312 1559 1565
337
1312 201 290 324 1559 1565 1963
330
353
501
564
1487 1316
1686 26 29 31 41 95 98 214 273 278 287 299 353 389 393 408 453 463 486 499 504 506 510 517 530 532 538 542 544 560 565 566 590 591 597 633 643 656 690 691 740 742 781 785 814 830 832 841 856 870 877 890 949 968 993 1011 1053 1054 1083 1108 1153 1175 1188 1206 1238 1240 1267 1272 1275 1276 1302 1316 1363 1371 1416 1419 1432 1443 1444 1453 1456 1460 1487 1489 1517 1544 1548 1551 1556 1557 1558 1578 1660 1665 1666 1690 1738 1748 1803 1809 1821 1843 1861 1870 1874 1902 1904 1926 1927 1948 1981 1982 1999 2000 2026 2030 2031 2032 2033 2034 2036 2037 2038 2044 2045 2048 2062 2065 2091 2099 2101 2106 2108 2114 2121 2126 2127 2128 2154 2231 2232 2233 2234 2246 2300 2302 2306 2308 2340 2341 2348 2411 2412 2420 2471 2530 2537 2541 2551 2557 2571 2583 2594 2610 2611 2697 2700
2026 564 840
2036 895 2065 2111 2127 2151 2152 2340 2654
2131
287
389
486
504
517
530
538
542
544
643
656
742
785
870
1371 468 499
1416 287 427 2092 2123
1443 299
1444 299 597
1551 1982 2061 2131
1556 1557 2541
1557 517 837 2541
1558 517 837 1557 2541
1578 611 1660 1769 2263
1660 2263
1809 26 235 1062 1199 1238 1240 1272 1846 2026 2121 2156
1821 41 647 748 2186
1870 787 2411
1902 534 2130
1948 469 2030 2043 2537
1981 58 509 511 739 894 895 1172 1518 2057 2058 2059 2062 2096 2126
2000
2030 1948 2043 2537
2031
2032 2128
2033 2045 2549
2034
2048 656
2065 529 536 1416 2116 2123
2091 2092 2093
2106 739 2105
2121 564 2322
2126
2127
2128
2154 565 646
2246 1444
2300 634 864 2304
2306
2340 566 1052 1982 2115 2341
2537 2031
2541
2583 299 486 544 781 830 856 877 1094 2000 2034 2043 2047 2099 2246 2340 2381
2610 31 558 1770 2153 2306 2535 2614
2697 1666 2099
562
855
2092 2093
2093 2092
2097 535
2149
2156 173 562 840 1529 2694
840
2111 537
2151 2152 2439
2654 75 542 850 891 2123 2193
1317 562 1316 1487 1686 2108 2148
2148 562
1321 258
258
1322 258
1325 440 1673
440
1673 440 2603 2625
2603 1674
2625 440 1673
1329 355 1658
355
1330 355 1658 2440
1335 789 1003
789
1358
1338 265
265
1341 336
1342 506
1346 171 513 1304 1597 1750 1751 1752 1767
513
1751 171 240
1752 513 1751
1767 1934
1934 410 1932 1933
1347 232 1067 1914 1915 1916 2339
232
2339 885 1184 2025 2087
1348 38 52 53 90 420 428 456 943 1025 1186 1349 1350 1629 1711 1753 2244 2369 2370 2649
456
1349 38 90 1350
1629 323 475 515 581 651 675 912 1073 1148 1679 1717 1759 1796 1826 2327 2417 2607
1711 40 101 454 943 1348 1484 1636 1689 1698 1881 2050 2244
2244 1073 1736 2414 2415
2369 147 315 409 1387 2223 2410 2417
2649 253 443
475
675
1679 1964
1796
2607 80
101
1484 1720 2545
1689
1881 2050
2415 345
147
2410 308 375 1724 2067 2069
253
1351 272 435
435
1352 306 531 538 2106 2688
531
739
2119
1353 325
325
1357 243 290 1358
1359 1358
1360 184 409 1528
184
1361 1362
1362
838
1367 589 671 683 694 755 1291 1368 1388 1463 2053 2054 2422 2423 2424 2425 2494 2574 2707
589
683
694
755
1368 645 671 724 2494
1463 319 585 589 645 683 724 755 1368 1388 1514 1771 2055 2422 2424 2425 2494 2705
2053 2055
2422
2423 694
2494 724
2574 756
645
724
319
585
1514 319
1771 585
2055 2053
756
1369 130 256 1787 1805 2041
130
2041 856 2127
1370 825 853 1068
825
468
1373 1431
1374 677 1373 1431
677
1375 276
276
1376 931 2212
931
2212 586
586
105
1549 365 1714
2355 668
1382 1479
1384 1383 1385 2403
1383
1385 880 1383 1384 2051 2403
2403
880
2051 880 1383
1386 880 1383 1384 1385 2051
1390 10 14 377 672 705 813 819 1228 1348 1484 1485 1800 2333 2463 2570
1485
1800
2570 152 159
1720 1589
2545 40 94 434 1103 1247 1485 1759
135
275
441
1837 1889 2706
2052 2055
2070 514 587
2211 585
1395 463
1399 667 669 731 866 867 1824 1852 2364 2367 2416
2367 673
673
1400 250 1088 2639
250
648
2694
1408 0 47 155 175 205 232 307 359 387 412 492 826 1022 1024 1089 1207 1323 1382 1479 1912 1914 1915 1916 2071 2086 2087 2245 2407 2409 2459
47
492
826
2245 359 1022 1024 1027 2415
2459 497 2409 2646 2671
2671 882
1409 91 160 810
91
160
810
1410 437
437
1411 221
1415 286 2080
286
2080 286 1415
427
2123
1417 287
1420 109 126 130 154 164 451 599 618 770 860 946 979 984 1071 1072 1271 1273 1289 1369 1396 1498 1787 2235 2248 2323 2355 2539 2637 2682
126
164
599
770
860
1498 45 883 1208 1369 1500 1511 2393 2394 2395
2235 126
2323 130 860 1369
1500 1511
1511 45 365 2393 2395
2394
668
1421 104 271 979 1676 1788 2370
1676 97 1788
97
1423 289
1424 75 1268
1429 1369
1430 563
1434 720 758 913
1435 296
296
133
236
417
548
754
1677 97
1706 768 773 800 1571
1987 548 910 1353 2628
2081 236 2628
2361 133
2662
1438 1507 1858
1858 141 911
1439 2071
1441 1154
1154
1446 301
1448 69 349
1449 305
1450 305
1451 305 748 2585
1452 597 1084
1454 307 370 1455
1459 913 1552 1659
1659 356 1552
1461 19 50 101 331 344 377 395 765 1147 1175 1274 1542 1628 1688 1885 2085 2159 2333
19
344
765
1688
2085 434
1462 116 163 194 233 344 434 456 765 1274 1320 1485 1873 1973
163
194
1320
1464 392
392
1889
2706
514
587
144
1467 825 2408
2408 1370 1799 2588
1469 197 405 1471 1675
405
1471 296 1435 1469 1675 2706
1675 1469
1470 195 197 275 296 364 417 447 685 1126 1435 1469 1471 1675 1889 1979 2081 2706
447
1979 195 296 364 405 417 447 684 1038 1435 1469 1470 1675 2511 2630 2706
1038
2630
1473 415 932 1773 2453
2453 713
713
1474 1290 2235
1475 314 808
314
808
1478 158 367 1085
1481 159 331
1482 116 2085
1483 231
1491 163 520 1492 2089 2343
520
1492 154 2516
2089 528
257
1684 1359 1596
1494 163 714 1492
1497 45 102 479 1500 1511 2393 2394 2395 2507
1502 2199 2574
1503 2199
1504 40 93 439 454 675 1186 1390
424
547
1480
577
1509 201 453
1510 334 546 2205
546
1512 782 2650
782
1513 799
494
1520 1701
1521 148 470 903
903
1523 1694
805
1680 804 1524
1526 515 1499 2182 2183
1533 812 964 1301 2558 2674
1534 986 2176
1535 801 1097 1671 2528
801
1536 752 831 982 1716 2481 2676
1716 2481
1537 940 1301
1539 1538
1543 921 1106 1107
1545 643 1181
2049 506
2304 632 2307
1714 1294
1550 446
2061 529 536
529
536
1554 35 134 1124 1229 1555 1708 2347 2608 2655
122
759
1756
1757
1919 992 1708 1756 1920 2383
1920 992 1756 1775
837
1560 1900
1561 2063
2063 2057 2106 2112 2113
2112 2113
2113 2112
1562 1563
1563
1564 467
1569 266 438 980 1068 1091 1570 1634 1786
438
1570 982
1786 980
1571 982 1575 1706 2377
1575
2377 134 425 514 1564 1732 1757 1919 1920
425
1572 1105
1105
1576 687 1571 1775 2377
687
1577 797
797
611
2263 611
1580 633 1472
1472
1582 406 1634 2214 2508
1598 163
1601 442 1897
1897
1603 138 1175
138
1604 33 68 69 786 1260 1890 2525 2526
1890
2525 1604 1890
2526 1604 1890
1609 431
431
1610 324 761 1079 1297 1559 1565 1764
1611 598 905 1760 1764
1612 588 767 1353 1792 1793 2217 2218 2219 2224 2225 2683
588
1792
1793 1792 2225 2609
2217 2609
2218 1792
2219
2224 1793 2225 2609
2225 592
2683 588 2224
2609
1614 743 751
743
751
2359 1615 2360
2360 1615
1616 809
1617 345
345
1619 226 975 976 1506 1937
139
1695 374
1624 291 420 854 1282 1615 1680 1690 1863 2370 2399
1625 347
347
1626 0 1148 1394 2334 2595
1627 159 232 396 403 775 828 1210 1501 1691 1808 1914 2339 2346 2369 2418
2346 132 1950
1964 475
1630 94 297 598 661 1147 2686
661
1631 661 817 820 1147 1148
1633 1088 1169 1765 2237 2238 2573
2573
1681 19 912 1318
653
2329 653 2328
1637 153 442 519 1308 1313 1964 2343
464
1639 297 2334
1640 466 1148 1638 1641 2141
1642 237 598 1638 1717 1762 2686
1762 1679 1717 1763 1965
1965 475
1643 92 101 243 284 1579 1588 1589 1623 1688 1720 2584 2685
92
2584
1644 441
1652 1889 2706
1653 134 425 681 1115 1564 1575 1613 1848
681
1654 18 1655
18
1656 230 974 1825
1661 67
1662 402 443 2531 2532 2534
402
2531
2532 1662 2530 2534 2684
2534 402 1662 2530 2531 2684
1663 380 1662 2531 2532 2534
380
1664 95 832 870 1665 2114 2555
166
346
1672 166 247 304 320 346 440 808 1248 1673 1674 1721 2603 2625
1674 440 1673 2625
1721 808
1682 1250
1846 538 968 1352 1748 1809 2026
2186 644 1268 1424 2102 2322
787
469
2043 502
2096 531
503
2116
2556 2555
2472
2047
2535
1687 1255
1692 1154 1693 2138
2138 1692
374
100
1954 471
471
2143 1782 2144
1699 30 278 1810 1902
1810
1704 1705 2539
1709 378
1710 788 1164 2522
2522 49 570 788 827 1115 1564 1733 2083 2084
1712 101 138 331 1486 1973
1713 678 776 783 806 833 1273 1294
678
1718 385 2484
385
2484 1718
1722 1785
1785 1722
1723 754 2247 2639
1725 576 1333 1408 2133 2245
2133 77 1092 1986 2073
1727 389
1728 390
1729 391
391
1731 122
1734 2368
2368 312 1992
1737 2147
2147
535
1740 397
397
1744 619 621 1032 1096 2256 2293
2256 2252
2252 604 614 2272 2273 2277 2294
1747 103
103
1754 648
1761 145 526 527 528 884 885 886 1262 1501 1635 1878 1909 1974 2089 2090 2513
526
527
1878
2351 1766
1776 411 709
1778 452 871 873 874 1087 1131 1226 1405 1565 1620 1942 1967 1970 1994 2324 2445 2447 2450
871
874
1405
1942 1405
2445 873 874 1227 2446 2448
1790 897 1025
1794 428 454 651 1056 1073 1826 2327
1795 869
869
1797 816
816
1801 106
106
1806 429
1807 963
1811 1728
1812 339 366 769 1669
366
769
1814 1477
1815 1414 1477 1814 2069 2703
1817 709 1907
1907 411 709 1776 1817
1820 129 311 381
311
644
2102 2106
1823 107 342
342
1828 137
137
1829 665 2353
665
2353 664
664
1831 610
610
1832 723 1095 1136
242
1835 106 425 728 731 759 892 1161 1396 1647 1708 1755 1876 2185 2191 2504 2681
728
2191 188 1801
2504 730
188
1842 108
108
1847 1316 1430 2148
1850 1575
1854 617 1485
617
594
1859 74
74
1860 110 166 320 346 1674 2603
110
1862 111 461
1864 25 75 284 334 398 521 577 580 940 962 964 993 1036 1037 1151 1224 1252 1515 1516 1563 1714 2164 2166 2173 2174 2176 2177 2178 2203 2209 2528 2696
2209 577
450
1865 448
448
1866 449
1871 2078
2078 1069 2602
2602 517 1556 1557 1558 2541
1875 815 2071
1877 131
1879 144 496 1013 1014 1800 1836 1853 2407 2600
1880 52 53 138 378 403 775 1029 1583 1726 1753 1884 1950
1884 52 378 1186 1753
1882 829 2050
1886 2347
1887 535 891
1888 254 818 1387 1858 2215
818
1892 464 1893 1894
1893
1895 458
458
1903 111 461
1905 111
1910 1911
1911 1910
1913 2536
2536 743 1614
632
1928 70 268 1930 2618
70
268
1930 70 160 2618
2618 160 810 1026 1930 2319
1929 116 194 395 434 976 1147
1935 112
112
1936 485 1439
1941 2478
2478 1941
1943 706 873 1405 1778 1942
706
1944 1405 1942
502
1952 311 1359 1951 1953
1955 1078
472
1957 793 995 997 998 1046
1958 115 1960
115
1960 115
1959 115 262 1958
262
1962 475 1963 1964
1968 680 2384
680
2384 2385
1969 481 758
1971 871 1970 2324 2447
1976 483
483
1980 349 2010
541
849
1983 353 538 2062 2065 2116 2123 2137 2193
2193 1407
1984 135 514 587
360
1988 117
117
1991 312 1307 1963
2008 2006 2007
2011 488 2003 2014
488
2014 491
491
2012 489 2011 2014
489
2013 490 622 2014
490
2016 492 2163
2163 165 1323 2652
165
2652 165
2023 1516 1586 2024
2027 558 676 791 855 1529 2092 2093 2097 2129 2149 2306
676
2028 2413
2413 2028 2421
2029 561 722 749 1162 2554
749
2042 564 1544 2026
2046 505 2082
505
2082 504 505 1153 1664 2046 2411
2056 2052 2053
2060 509 841 2059
2066 510
2068 2410
2072 516
2074 978 1034 2622
2076 298 2602
2077 2602
2094 529 536 2101
2095 529 536
2100 541 2116 2117
2103 2127
2104 2105
2118 849 2117
2120 541
2122 543
543
2124 545
545
2125 851 852
2135 19 945 1331 1422 2159
2136 77 155 194 231 306 2388 2595 2599
2139 774 790 875 1194 1425 1476 1588 2685
2140 551 552 553
551
552
553
2146 556
556
2155 858
858
2157 2694
2354 666 668 670 866 867
2161 125
2168 2403
2171 571
571
2172 572
572
2175 202 898 899 1151 1197 1324 1532 1741 2558 2614 2673
2180 573
573
2181 284 334 450 1364 2688 2696
2189 55 457 574 2572
55
457
574
2190 182
182
2192 1567
1567
2194 575 859 2195 2196
575
859
2195 575 2196
2196 859
2197 1048 1605
1605
2198 1038 2630
2201 2202
2202
2213 1775 2214
2216 208 387 422 1306
422
2220 2221
2221 2220
2222 588 1612 1793 2217 2218
2226 475 1056 1281 1707 1965
2227 269 1281
269
2228 147 259
2240 127 422 464
127
2243 87 550 1171 1531 1993 2239 2380 2615
2249 601
601
2250 602 616 1149
602
616
2251 2286
2277 616 2273
2254 605 2279
605
2279
606
623
2285 623 2296 2297
2291 623 2280
2296 2297
2297 2296
2280 626 2279
2258 607 2259
607
2259 607
2262 376 1422
626
2268 861 2267
2270 2269
2274 2284
2284 862
862
2275 2284
2276 615 2281
2283 620 2284
2287 621 2286
2289 2284
119
613
2429
2295 2406
2298 627
627
2303 632 633 676 2304
2305 864
2309 637 2310
637
2310 636 637 2309 2311
636
2311 636 2309
2313 635
635
2320 641 644
2325 700
700
2330 657
657
2335 659
659
2342 1052 2115 2117 2341
2344 1715 2606
1715
2345 722 744 2028 2413 2421
744
2349 2556
2362 582 821 1683 1800 1808 1917 1953 2566 2690
582
1917
2690 576 808 1022 1024 1197
2365 673 2364
2366 490 491 2014
2371 249 1687
2372 442 1873
2373 4 340 1687 1698 1996 2015 2145 2371
2374 167 2450
2375 1894
2376 352 467 1115 1564 1575 1613 1732 1757 1848
2378 135 514 587 2070
2379 679
679
2382 679 2379
2387 2386
2398 1488
2400 686
686
2401 687
2427 138 163
2430 419
419
2433 179 202 967 2431 2432
2434 710 1079 1324 1464 1988
2435 1499 1714
2437 702
702
2438 703
703
2442 704
704
2443 140
2451 772 807
2452 1396 2681
2455 141
2456 734 2457 2461 2518
2458 2621
2621
2460 2518
2515 734 735
2464 706 708 1235 1956 1967 1994 2324 2446 2448 2449
2466 142 1528
2468 713 2656
2469 710
2470 712
2473 262 1959
2475 719 1130
719
2476 1718 2484
2479 723 758 760
760
2488 407 599 600
407
2489 143
143
2490 143
2491 143 2489 2490
2492 172 513 1751 1752 1767
2495 725
725
737
738
2499 431 816 1051 1609 2502 2543
2502 280 631 816 1051 1609 1797 2499
2543 431 1609
280
631
2503 726
726
2506 727 734 735
727
2509 1327
2510 1327
2514 162 325
2520 744 2521
2521
2527 741
741
2529 402
2533 402 1662 2534
2542 1609 2499 2543
2544 1017 1018 1019
2547 746
746
2548 1292
2552 2553
2553
2692 1318 1642 1762
2560 750
750
2562 5 150 1593
2563 393 468 499 502 551 565 778 781 830 856 877 1444 1487 1578 1686 1948 2031 2043 2154 2439 2550 2571 2700
2569 151 354 586 2351
2576 1270 2578 2581
2579 757
2577 1270 2576 2578 2581
2582 1574 2206
2589 881 1034 1146 2437
1146
2590 677 881 915 1192 1373 2074 2437 2589
2591 331 937 1175 1712 1973
2592 1175 1712
2593 158
2598 39 79
2612 111 461 795 842 1272 1363 1770 2614
2613 411 840 1770 2153 2300 2308 2614
2620 92 692
692
2624 97 126 301 731 754 1677 2628
2629 1972
2638 598 1168 1764
2640 1414 2703
2641 482
2644 171 255 973 1267 1304 1584 1739 1751
973
2645 1177
2647 1285 1512 1739
2648 973 1285 1512 1739 2647
2653 1052 2101 2114 2115 2117 2193
2669 240
2675 2673
2677 81 1428
81
1428
2678 831 2481 2676
2679 2673
2680 184 1528 2704
2704
2689 2123 2688
2691 827 1547 2326
1547
